1818
2458
3099
3781
4443
5126
5807
6491
7173
7855
8517
9179
9882
10522
11183
11866
12527
13231
13893
14575
15237
15919
16581
17263
17946
18629
19291
19973
20657
21339
22043
22725
23407
24090
24753
25457
26117
26799
27439
28101
28785
29489
30170
30811
31471
32175
32795
33499
34181
34863
35567
36207
36847
37551
38234
38895
39557
40219
40858
41562
42245
42907
43567
44229
44869
45553
46257
46917
47599
48282
48943
49585
50245
50927
51589
52251
52933
53594
54299
54917
55599
56282
56943
57583
58266
58927
59653
60271
60911
61615
62298
62938
63642
64305
64945
65605
66267
66949
67653
68293
68955
69594
70298
70959
71579
72303
72943
73605
74246
74949
75610
76250
76955
77615
78298
78981
79621
80283
80965
81605
82267
82929
83610
84271
84933
85615
86298
87023
87706
88326
89029
89713
90373
91013
91697
92357
93039
93659
94362
95023
95686
96326
97050
97647
98351
98993
99642
100357
100998
101701
102362
103002
103663
104325
105007
105610
106310
107013
107695
108335
108997
109679
110362
111002
111663
112346
113007
113649
114351
115013
115675
116357
117018
117681
118341
119023
119706
120346
121009
121670
122373
123034
123695
124378
125039
125701
126383
127025
127706
128389
129050
129754
130437
131119
131781
132421
133105
133787
134469
135130
135793
136474
137094
137797
138458
139142
139802
140463
141167
141809
142490
143153
143855
144495
145179
145850
146522
147183
147866
148529
149233
149914
150597
151258
151919
152623
153349
153989
154715
155334
156015
156677
157359
158042
158703
159343
160047
160753
161435
162097
162778
163419
164143
164785
165509
166127
166833
167493
168155
168858
169499
170182
170863
171546
172229
172890
173573
174235
174938
175621
176283
176943
177647
178289
178950
179610
180293
180975
181658
182319
183002
183663
184369
185051
185734
186417
187098
187759
188421
189083
189766
190426
191130
191791
192474
193135
193797
194502
195119
195803
196507
197167
197850
198511
199173
199834
200497
201157
201839
202501
203142
203823
204549
205210
205830
206534
207195
207877
208539
209178
209882
210479
211226
211846
212527
213167
213871
214554
215237
215877
216559
217221
217903
218565
219269
219930
220570
221253
221914
222578
223258
223919
224582
225285
225989
226629
227311
227931
228613
229295
229935
230619
231302
231983
232645
233371
234031
234693
235375
236058
236698
237382
238042
238746
239430
240069
240730
241414
242074
242735
243418
244101
244762
245403
246127
246789
247471
248113
248815
249457
250159
250843
251546
252143
252785
253509
254170
254831
255514
256197
256838
257541
258181
258863
259525
260229
260891
261530
262255
262897
263578
264219
264901
265563
266245
266949
267610
268293
268955
269594
270255
271002
271622
272261
272943
273605
274267
274906
275546
276250
276890
277573
278234
278895
279535
280177
280879
281541
282202
282865
283525
284229
284870
285551
286150
286875
287537
288219
288850
289541
290225