230
961
1692
2379
3066
3772
4452
5117
5796
6495
7200
7881
8579
9255
9934
10606
11286
11970
12691
13373
14091
14750
15469
16166
16877
17572
18313
18961
19640
20323
21036
21708
22389
23064
23745
24396
25105
25792
26501
27163
27869
28563
29254
29915
30643
31309
32010
32715
33396
34071
34762
35437
36116
36774
37468
38147
38819
39504
40209
40888
41568
42245
42954
43620
44333
45012
45706
46357
47081
47742
48443
49143
49815
50478
51174
51851
52531
53201
53909
54589
55291
55970
56633
57344
58017
58723
59381
60076
60752
61417
62152
62805
63511
64193
64893
65584
66264
66901
67601
68262
68961
69644
70357
71030
71702
72345
73088
73764
74445
75139
75849
76494
77179
77854
78571
79235
79883
80556
81251
81927
82573
83242
83907
84575
85311
86009
86688
87364
88060
88741
89457
90156
90817
91492
92176
92856
93536
94196
94892
95563
96237
96917
97674
98316
98971
99733
100378
101056
101779
102452
103113
103771
104434
105152
105885
106657
107251
107942
108658
109353
110029
110691
111385
112067
112726
113432
114083
114727
115423
116070
116773
117427
118107
118758
119462
120111
120808
121473
122135
122800
123476
124135
124828
125455
126166
126824
127489
128159
128823
129492
130172
130848
131517
132172
132876
133512
134202
134861
135544
136202
136884
137540
138190
138862
139564
140223
140903
141549
142232
142896
143596
144262
144926
145554
146268
146948
147584
148242
148918
149590
150245
150889
151590
152226
152923
153592
154260
154933
155588
156294
156928
157557
158240
158911
159593
160236
160919
161590
162231
162853
163532
164175
164887
165532
166100
166811
167505
168200
168887
169520
170228
170931
171595
172246
172941
173609
174301
174993
175683
176354
177075
177732
178420
179080
179780
180446
181143
181812
182498
183185
183869
184563
185286
185961
186644
187354
188023
188688
189442
190139
190778
191458
192040
192848
193486
194156
194876
195543
196224
196905
197547
198268
198929
199560
200242
200903
201571
202218
202917
203585
204250
204905
205603
206247
206919
207588
208248
208952
209605
210297
210951
211616
212281
212947
213634
214269
214910
215546
216223
216882
217568
218226
218903
219524
220215
220869
221521
222176
222841
223506
224165
224838
225488
226121
226787
227432
228123
228752
229424
230081
230756
231423
232092
232746
233430
234050
234741
235406
236071
236732
237433
238033
238722
239398
240052
240710
241386
241978
242673
243318
243996
244641
245322
246006
246644
247330
247934
248580
249240
249911
250552
251222
251874
252512
253192
253832
254490
255167
255829
256539
257133
257797
258462
259130
259798
260485
261154
261804
262495
263148
263808
264464
265144
265853
266472
267205
267942
268625
269298
269970
270680
271322
272055
272725
273418
274139
274828
275497
276181
276868
277551
278228
278942
279651
280329
281024
281693
282406
283116
283818
284516
285189
285847
286583
287273
287978
288686
289370
290053
290800
291495
292202
292873
293545
294247
294948
295670
296345
297063
297732
298430
299143
299803
300513
301186
301869
302538
303205
303891
304559
305250
305879
306562
307279
307952
308621
309282
309965
310645
311340
311994
312646
313336
313991
314672