764
1352
1948
2569
3162
3714
4287
4895
5499
6059
6637
7213
7781
8396
8972
9542
10127
10684
11266
11864
12422
13017
13606
14229
14790
15374
15981
16568
17138
17723
18306
18892
19462
20055
20636
21222
21819
22411
22974
23560
24145
24737
25326
25903
26482
27071
27678
28269
28831
29409
30007
30621
31221
31772
32362
32964
33547
34112
34705
35308
35890
36468
37054
37637
38219
38830
39423
40008
40561
41169
41775
42369
42926
43523
44100
44704
45286
45877
46482
47043
47627
48224
48789
49368
49996
50557
51110
51709
52308
52886
53496
54096
54685
55317
55852
56445
57047
57650
58244
58825
59428
60015
60601
61197
61780
62351
62941
63516
64114
64715
65296
65872
66443
67070
67651
68237
68832
69406
69993
70606
71170
71789
72363
72928
73526
74119
74718
75304
75870
76468
77054
77642
78215
78788
79386
79974
80586
81185
81785
82421
83003
83572
84194
84791
85364
85974
86587
87206
87779
88330
88894
89491
90082
90660
91266
91833
92454
93029
93658
94230
94827
95400
96005
96610
97157
97783
98359
98946
99535
100086
100679
101240
101828
102429
103049
103635
104216
104799
105387
105998
106580
107152
107724
108328
108921
109488
110067
110653
111245
111875
112429
113047
113653
114224
114803
115382
115971
116539
117155
117749
118316
118886
119471
120082
120667
121238
121829
122428
123004
123577
124168
124707
125305
125859
126431
127041
127629
128196
128784
129376
129943
130574
131165
131756
132351
132913
133525
134140
134727
135293
135872
136490
137038
137643
138210
138811
139379
139950
140575
141137
141739
142319
142895
143491
144103
144682
145270
145884
146458
147011
147594
148205
148782
149364
149962
150539
151113
151695
152303
152879
153455
154044
154629
155241
155798
156384
156939
157549
158120
158702
159257
159840
160381
160981
161556
162122
162733
163329
163884
164504
165095
165693
166294
166895
167452
168040
168668
169214
169843
170466
171008
171542
172168
172742
173335
173890
174492
175090
175705
176282
176853
177431
178023
178608
179226
179819
180394
180984
181573
182155
182733
183345
183948
184486
185097
185652
186242
186841
187422
188026
188588
189166
189783
190375
190916
191504
192081
192697
193249
193841
194426
195017
195612
196186
196746
197326
197907
198527
199135
199693
200309
200894
201462
202048
202611
203181
203772
204352
204951
205511
206106
206684
207261
207863
208451
209056
209622
210187
210789
211382
211977
212541
213105
213714
214285
214891
215446
216021
216619
217217
217822
218423
219008
219572
220178
220744
221298
221894
222496
223067
223632
224204
224773
225338
225930
226538
227124
227725
228332
228921
229494
230074
230627
231230
231824
232419
232978
233597
234204
234804
235348
235924
236487
237061
237659
238242
238872
239465
240012
240582
241152
241778
242365
242914
243510