5812
6447
7137
7777
8423
9104
9803
10491
11121
11851
12487
13180
13815
14512
15191
15849
16477
17171
17865
18539
19191
19883
20567
21205
21871
22527
23208
23875
24504
25219
25877
26504
27144
27803
28483
29184
29840
30523
31207
31872
32529
33220
33929
34585
35273
35905
36575
37285
37911
38576
39264
39940
40627
41293
42016
42644
43304
43993
44704
45347
45981
46651
47363
48015
48649
49360
50025
50696
51311
52073
52785
53456
54109
54817
55509
56188
56815
57521
58181
58856
59512
60197
60896
61548
62224
62885
63583
64227
64852
65537
66215
66884
67520
68199
68871
69529
70176
70841
71496
72187
72824
73476
74169
74833
75505
76168
76871
77536
78221
78881
79597
80279
80935
81603
82295
82943
83589
84249
84949
85593
86248
86939
87660
88295
88967
89664
90383
91023
91672
92363
93029
93692
94344
95059
95719
96388
97057
97748
98427
99064
99719
100409
101095
101785
102456
103136
103801
104464
105135
105819
106465
107167
107789
108529
109175
109857
110521
111197
111848
112545
113192
113891
114525
115209
115903
116545
117200
117928
118584
119256
119919
120593
121261
121937
122600
123289
123945
124617
125305
125947
126573
127224
127889
128544
129102
129784
130461
131129
131767
132384
133065
133647
134329
134952
135624
136307
136920
137539
138233
138856
139475
140123
140819
141433
142035
142699
143367
144011
144713
145315
145960
146628
147241
147876
148535
149189
149808
150455
151103
151800
152400
153048
153704
154369
154983
155625
156273
156959
157585
158232
158907
159539
160176
160801
161473
162121
162736
163403
164025
164715
165311
166008
166661
167304
167904
168572
169193
169849
170537