1372
2080
2855
3569
4262
4968
5691
6404
7097
7863
8598
9306
10032
10762
11501
12258
12969
13746
14480
15173
15901
16613
17291
18034
18691
19473
20203
20948
21652
22393
23135
23841
24587
25298
26057
26813
27527
28246
28979
29702
30349
31116
31869
32592
33318
34032
34773
35506
36208
36930
37699
38423
39135
39833
40538
41297
42036
42787
43475
44215
44895
45632
46352
47147
47899
48640
49287
49983
50705
51418
52163
52890
53602
54371
55055
55765
56508
57228
58000
58757
59452
60201
60915
61645
62361
63073
63819
64533
65214
65969
66692
67446
68185
68902
69610
70314
71024
71775
72493
73236
73967
74683
75434
76143
76847
77605
78285
79015
79746
80480
81230
81963
82672
83376
84129
84864
85609
86334
87080
87789
88509
89212
89924
90677
91422
92120
92807
93513
94247
94963
95741
96495
97225
97878
98639
99396
100083
100801
101530
102278
102977
103646
104409
105150
105901
106660
107388
108127
108787
109540
110261
110978
111728
112443
113190
113891
114608
115338
116128
116828
117529
118250
118993
119723
120434
121119
121886
122617
123360
124088
124796
125504
126253
126951
127682
128444
129146
129891
130624
131348
132080
132810
133509
134230
134944
135674
136396
137090
137837
138487
139255
140004
140767
141434
142212
142946
143665
144380
145147
145880
146602
147328
148026
148723
149475
150182
150907
151640
152385
153094
153826
154540
155271
156002
156713
157425
158155
158895
159693
160490
161158
161826
162548
163283
163990
164744
165437
166149
166877
167568
168301
169087
169826
170553
171256
171986
172706
173403
174168
174889
175608
176318
177053
177769
178510
179199
179950
180625
181358
182121
182854
183535
184257
185045
185770
186485
187236
187914
188643
189376
190146
190835
191555
192279
193017
193744
194423
195170
195899
196629
197359
198070
198792
199522
200269
200959
201695
202442
203199
203904
204610
205322
206053
206799
207494
208270
209026
209789
210480
211168
211919
212641
213348
214090
214805
215544
216255
216956
217674
218405
219128
219860
220599
221335
222037
222742
223474
224204
224922
225667
226383
227139
227837
228569
229287
229998
230738
231466
232193
232963
233674
234390
235143
235850
236576
237329
238046
238772
239472
240179
240882
241597
242399
243175
243906
244660
245375
246016
246708
247416
248169
248914
249639
250376
251082
251800
252541
253232
253936
254712
255420
256164
256860
257604
258315
259030
259776
260528
261220
261970
262710
263454
264163
264917
265632
266367
267014
267792
268489
269241
269987
270673
271389
272116
272832
273581
274347
275065
275763
276506
277202
277952
278655
279416
280099
280876
281581
282317
283041
283812
284468
285179
285887
286604
287386
288122
288838
289547
290295
291037