264
964
1632
2300
2977
3670
4339
4978
5694
6402
7097
7791
8468
9137
9822
10498
11173
11840
12543
13227
13896
14591
15267
15947
16621
17311
18004
18706
19385
20027
20753
21430
22103
22823
23486
24145
24833
25507
26190
26848
27519
28210
28880
29544
30276
30994
31657
32315
32988
33671
34365
35050
35741
36404
37070
37746
38447
39124
39818
40473
41172
41870
42547
43237
43906
44577
45273
45958
46638
47309
47987
48655
49351
50047
50740
51418
52097
52788
53465
54134
54811
55495
56172
56863
57533
58200
58923
59584
60260
60949
61642
62333
63014
63677
64353
65039
65738
66408
67088
67767
68461
69141
69793
70465
71167
71840
72528
73224
73905
74580
75252
75939
76597
77298
77968
78640
79327
80007
80701
81374
82066
82757
83434
84107
84801
85485
86181
86869
87539
88222
88891
89579
90251
90978
91652
92336
92986
93667
94359
95046
95719
96408
97089
97758
98422
99111
99797
100460
101133
101865
102550
103234
103962
104613
105245
105907
106601
107296
107979
108665
109333
110020
110672
111350
112033
112716
113402
114080
114781
115496
116179
116863
117524
118209
118881
119562
120239
120935
121604
122277
122960
123628
124310
124993
125672
126370
127064
127749
128440
129115
129789
130472
131141
131830
132525
133188
133863
134539
135237
135909
136608
137275
137959
138643
139311
140005
140674
141346
142035
142732
143421
144102
144782
145449
146122
146797
147481
148165
148852
149534
150232
150930
151584
152252
152937
153633
154297
154975
155657
156353
157041
157724
158416
159081
159760
160426
161136
161830
162499
163173
163858
164538
165209
165901
166586
167274
167951
168632
169301
169989
170660
171346
172045
172727
173409
174082
174760
175457
176149
176813
177480
178142
178814
179514
180202
180902
181588
182248
182918
183608
184292
184991
185686
186365
187034
187711
188407
189103
189779
190443
191128
191804
192467
193142
193828
194510
195194
195888
196559
197256
197918
198619
199296
199973
200650
201322
202007
202708
203379
204066
204759
205428
206115
206793
207462
208160
208857
209559
210252
210931
211593
212261
212912
213568
214264
214975
215666
216353
217025
217710
218409
219077
219753
220425
221107
221804
222465
223145
223835
224518
225192
225871
226551
227228
227917
228609
229307
229976
230640
231305
232008
232686
233364
234048
234735
235437
236114
236766
237517
238195
238848
239512
240208
240870
241545
242241
242940
243622
244286
244983
245660
246341
247019
247706
248369
249035
249723
250424
251096
251766
252467
253145
253823
254515
255207
255880
256548
257241
257953
258656
259276
259934
260670
261309
261983
262641
263273
264011
264682
265368
266047
266731
267440
268094
268806
269467
270163
270824
271483
272171
272891
273593
274290
274949
275596
276246