506
1290
1983
2679
3433
4141
4802
5510
6241
6975
7658
8357
9074
9759
10466
11197
11891
12581
13287
14005
14706
15406
16146
16877
17545
18249
18938
19678
20375
21117
21823
22529
23223
23913
24611
25345
26025
26761
27466
28194
28839
29575
30289
31006
31703
32433
33130
33829
34510
35221
35938
36647
37335
38022
38718
39437
40153
40857
41558
42285
43014
43681
44390
45117
45807
46541
47223
47919
48578
49322
50034
50729
51410
52117
52841
53549
54233
54979
55678
56381
57082
57790
58470
59178
59843
60599
61402
62095
62809
63554
64259
64949
65683
66393
67113
67847
68551
69294
69975
70679
71367
72097
72842
73617
74311
75034
75731
76422
77146
77910
78602
79358
80038
80790
81506
82217
82926
83679
84346
85061
85763
86518
87178
87863
88567
89310
90019
90726
91417
92145
92846
93598
94263
94999
95721
96441
97089
97827
98566
99301
99969
100722
101406
102127
102827
103578
104274
104991
105666
106441
107129
107838
108537
109297
109994
110693
111402
112159
112850
113593
114281
115007
115678
116361
117066
117829
118567
119238
119935
120713
121458
122161
122818
123602
124294
124999
125730
126406
127095
127807
128471
129246
129968
130607
131343
132134
132793
133495
134207
134961
135682
136401
137207
137863
138538
139263
139953
140654
141398
142153
142906
143609
144295
145029
145689
146425
147102
147854
148618
149334
149993
150711
151409
152129
152834
153567
154234
154958
155650
156377
157043
157782
158486
159206
159935
160694
161377
162047
162729
163490
164175
164878
165599
166313
167046
167726
168473
169131
169846
170537
171258
171981
172655
173407
174153
174915
175594
176297
177002
177709
178410
179161
179862
180566
181281
182029
182706
183419
184127
184830
185514
186222
186927
187645
188367
189098
189758
190470
191159
191929
192658
193366
194114
194797
195514
196250
196939
197674
198401
199089
199793
200494
201241
201926
202602
203310
204047
204785
205503
206174
206898
207615
208327
209055
209778
210478
211185
211887
212614
213326
213993
214727
215438
216167
216891
217598
218311
219001
219698
220409
221154
221878
222535
223299
224027
224717
225407
226159
226846
227534
228198
228986
229675
230355
231047
231769
232489
233209
233882
234615
235329
236015
236702
237421
238134
238817
239519
240229
240921
241611
242297
243025
243722
244407
245131
245845
246527
247265
247913
248662
249363
250071
250753
251462
252150
252886
253553
254283
254979
255677
256335
257061
257769
258479
259133
259841
260518
261213
261927
262635
263318
264031
264761
265441
266165
266867
267558
268270
268869
269531
270343
271055
271743
272470
273171
273862
274563
275265
275951
276698
277366
278058
278749
279450
280167
280858
281565
282267
282990
283681
284411
285111
285831
286545
287225
287918
288673
289361
290069
290769
291447
292179
292865
293551
294249
294951
295678
296379
297093
297815
298495
299186
299885
300618
301313
302007
302686
303425
304117
304826
305499
306201
306887
307614
308329
309003
309681
310407
311057
311746
312430
313143
313793
314471
315166
315847
316526
317209