6479
7251
7953
8659
9352
10112
10808
11591
12267
13032
13744
14451
15168
15871
16640
17321
18023
18752
19512
20196
20985
21691
22416
23147
23840
24579
25300
26009
26749
27499
28211
28908
29655
30363
31087
31820
32545
33251
33975
34712
35441
36156
36892
37616
38328
39083
39831
40555
41275
42008
42705
43440
44176
44947
45672
46388
47091
47808
48497
49212
49996
50712
51449
52164
52903
53609
54384
55104
55852
56612
57329
58032
58767
59533
60241
60960
61673
62400
63095
63820
64577
65324
66040
66756
67497
68244
69008
69675
70399
71224
71911
72593
73341
74131
74817
75520
76240
77016
77747
78508
79207
79949
80688
81411
82136
82915
83627
84313
85039
85763
86529
87257
88000
88732
89451
90195
90937
91692
92408
93147
93840
94548
95319
96052
96792
97516
98287
98999
99741
100460
101211
101939
102648
103420
104143
104848
105593
106315
107007
107748
108532
109280
109967
110717
111439
112184
112895
113665
114383
115148
115863
116603
117320
118091
118816
119528
120251
121003
121691
122419
123163
123951
124671
125395
126152
126923
127648
128363
129089
129833
130544
131248
131976
132745
133471
134187
134911
135665
136407
137172
137885
138604
139357
140096
140817
141544
142283
143003
143701
144479
145232
145952
146691
147440
148176
148928
149665
150408
151111
151875
152640
153380
154123
154835
155561
156307
157104
157793
158559
159269
160017
160787
161563
162277
163000
163812
164492
165233
165913
166689
167419
168160
168899
169635
170357
171129
171816
172579
173296
174080
174827
175587
176264
177016
177751
178507
179232
179985
180687
181432
182184
182905
183607
184355
185053
185849
186560
187272
187991
188732
189440
190147
190895
191655
192369
193075
193807
194585
195303
196040
196756
197491
198216
198947
199665
200428
201160
201905
202616
203371
204072
204812
205539
206315
206999
207717
208459
209235
209905
210619
211341
212099
212787
213492
214241
214988
215768
216473
217207
217939
218648
219364
220143
220848
221536
222273
223000
223755
224423
225145
225880
226609
227327
228051
228763
229491
230209
230939
231653
232392
233107
233851
234580
235316
235993
236737
237425
238163
238896
239596
240313
241035
241777
242515
243245
243924
244641
245380
246093
246840
247535
248252
248957
249697
250371
251113
251853
252612
253287
254011
254715
255475
256179
256913
257616
258360
259067
259789
260491
261216
261928
262649
263376
264123
264808
265545
266267
267000
267704
268444
269175
269889
270623
271348
272041
272833
273501
274219
274953
275697
276403
277091
277809
278568
279265
279979
280715
281457
282141
282827
283577
284316
285009
285732
286479
287204
287897
288644
289351
290056
290751
291475
292179
292949
293663
294392
295095
295864
296595
297313
298055
298751
299451
300185
300936
301656
302429