282
1007
1735
2445
3148
3869
4561
5288
5949
6660
7363
8086
8811
9519
10201
10887
11604
12324
13017
13727
14445
15161
15868
16570
17254
17919
18657
19388
20048
20750
21473
22148
22861
23587
24266
25001
25705
26434
27138
27832
28552
29265
29976
30645
31380
32116
32791
33466
34179
34858
35570
36294
36983
37664
38399
39055
39775
40470
41179
41839
42562
43274
43978
44699
45404
46086
46781
47481
48204
48896
49595
50319
51042
51729
52449
53154
53840
54566
55270
55973
56656
57350
58044
58747
59457
60167
60870
61600
62264
62979
63667
64357
65063
65762
66479
67202
67849
68557
69280
70001
70704
71420
72100
72783
73506
74230
74924
75573
76281
76963
77649
78371
79058
79768
80472
81144
81827
82564
83229
83911
84619
85293
86012
86687
87386
88055
88766
89479
90162
90832
91521
92241
92966
93642
94309
95029
95751
96454
97199
97863
98562
99296
99982
100657
101346
102055
102746
103427
104118
104817
105507
106197
106874
107558
108238
108946
109622
110309
111046
111731
112412
113133
113796
114517
115227
115892
116590
117281
117994
118673
119373
120065
120734
121413
122133
122818
123468
124151
124864
125571
126274
126949
127625
128287
128976
129675
130356
131044
131759
132456
133163
133826
134530
135175
135891
136559
137253
137950
138670
139347
140068
140718
141367
142101
142825
143489
144164
144854
145570
146289
146942
147626
148297
148995
149725
150420
151111
151795
152524
153229
153896
154606
155306
156001
156696
157397
158089
158795
159513
160187
160855
161577
162302
163021
163740
164391
165106
165808
166520
167223
167892
168553
169258
169954
170700
171361
172035
172708
173416
174161
174845
175529
176241
176925
177591
178257
178942
179642
180372
181039
181723
182392
183111
183801
184486
185144
185853
186546
187281
187940
188613
189347
190014
190726
191416
192088
192770
193444
194107
194830
195514
196211
196902
197566
198267
198982
199639
200346
201034
201715
202399
203109
203823
204487
205149
205812
206495
207207
207869
208597
209273
209971
210647
211382
212036
212720
213411
214087
214770
215454
216117
216802
217482
218127
218837
219520
220208
220877
221563
222297
222948
223656
224348
225045
225701
226368
227031
227733
228414
229099
229784
230478
231151
231803
232492
233168
233863
234510
235204
235886
236560
237270
237927
238602
239303
240006
240670
241357
242040
242708
243385
244071
244751
245434
246096
246778
247493
248192
248845
249543
250191
250874
251528
252244
252918
253612
254265
254959
255626
256283
256969
257646
258303
259001
259692
260370
261021
261683
262366
263061
263755
264450
265120
265742
266446
267116
267768
268461
269129
269814
270503
271183
271840
272536
273216
273922
274562
275254
275914
276595
277270
277931
278607
279263
279926
280617
281283
281938
282625
283280
283971