450
1146
1835
2503
3170
3852
4520
5235
5924
6627
7280
7956
8612
9319
10028
10694
11390
12034
12702
13416
14130
14807
15458
16135
16803
17490
18190
18840
19538
20211
20867
21535
22228
22952
23640
24342
25034
25707
26402
27099
27720
28399
29112
29807
30443
31088
31756
32488
33155
33832
34498
35216
35874
36562
37242
37907
38571
39299
39990
40667
41354
42043
42704
43368
44054
44784
45459
46146
46816
47502
48172
48855
49516
50226
50882
51571
52243
52890
53555
54287
54968
55672
56379
57040
57690
58408
59100
59759
60460
61104
61814
62464
63130
63839
64515
65208
65875
66572
67251
67904
68619
69272
69956
70656
71322
71984
72682
73362
74043
74710
75380
76055
76762
77458
78154
78802
79476
80186
80880
81523
82219
82895
83564
84254
84940
85626
86314
87028
87667
88327
89056
89738
90459
91115
91787
92480
93134
93816
94492
95179
95851
96552
97230
97916
98579
99267
99971
100622
101306
101994
102698
103364
104027
104731
105444
106066
106786
107455
108152
108824
109482
110136
110842
111511
112218
112892
113578
114256
114914
115642
116330
116998
117642
118344
119008
119690
120386
121102
121778
122466
123120
123806
124472
125178
125864
126534
127220
127891
128552
129248
129923
130615
131292
132035
132684
133360
134036
134739
135403
136074
136772
137414
138110
138787
139443
140131
140820
141528
142200
142920
143579
144254
144948
145634
146288
146978
147662
148314
149042
149723
150372
151050
151755
152456
153114
153815
154496
155178
155819
156538
157200
157874
158556
159203
159924
160592
161242
161927
162618
163296
163998
164696
165387
166046
166738
167435
168110
168768
169452
170130
170818
171475
172163
172835
173555
174235
174914
175599
176282
176975
177642
178331
179018
179682
180356
181047
181712
182394
183067
183763
184462
185134
185812
186530
187164
187887
188531
189202
189892
190566
191227
191928
192652
193299
194004
194632
195347
196018
196718
197400
198099
198747
199411
200126
200794
201510
202148
202848
203522
204214
204883
205560
206266
206943
207603
208312
208987
209674
210356
211023
211699
212378
213074
213760
214440
215131
215811
216495
217170
217838
218500
219215
219888
220571
221246
221939
222608
223287
223962
224656
225347
226011
226692
227382
228091
228778
229446
230130
230816
231472
232158
232839
233531
234184
234874
235586
236267
236936
237590
238287
238964
239648
240308
241064
241736
242435
243091
243755
244418
245103
245818
246491
247123
247816
248524
249204
249862
250602
251219
251944
252618
253306
253980
254658
255347
256015
256682
257368
258074
258771
259436
260095
260796
261455
262114
262824
263539
264215
264899
265543
266254
266938
267592
268298
268964
269646
270320
270995
271691
272367
273034
273744
274454
275106
275768
276439
277130
277830
278506
279187
279862
280552
281244
281904
282603
283291
283938
284634
285338
285987
286668
287359
288027
288730
289403
290100
290782
291470
292112
292827
293488
294184
294867
295523
296219
296911
297556
298272
298978
299631
300280
300975
301676
302362
303044
303736
304430