384
988
1588
2181
2815
3345
3969
4550
5145
5736
6362
6955
7576
8197
8797
9423
10043
10646
11251
11952
12561
13119
13704
14309
14964
15510
16100
16766
17332
17945
18595
19249
19867
20506
21131
21736
22414
23043
23775
24402
24992
25617
26225
26837
27481
28060
28633
29311
29851
30478
31105
31730
32348
32963
33574
34127
34773
35324
35952
36512
37155
37767
38355
38961
39568
40186
40843
41483
42114
42680
43248
43854
44533
45196
45711
46361
46915
47548
48184
48801
49419
50025
50674
51308
51899
52501
53053
53677
54341
54992
55581
56147
56756
57367
57936
58558
59141
59829
60448
61061
61630
62192
62821
63448
64188
64856
65539
66158
66848
67472
68061
68693
69310
69965
70546
71163
71764
72378
72990
73614
74201
74781
75425
76015
76596
77225
77817
78426
79006
79617
80218
80830
81445
82040
82624
83214
83826
84430
85031
85609
86212
86800
87465
88007
88577
89202
89802
90405
90972
91559
92152
92766
93360
93958
94557
95150
95773
96387
97013
97611
98181
98764
99318
99953
100556
101175
101820
102389
103003
103650
104201
104811
105421
106023
106619
107268
107885
108491
109085
109704
110307
110911
111581
112149
112794
113396
114014
114668
115247
115961
116608
117137
117703
118313
118904
119504
120132
120732
121292
121896
122512
123134
123722
124320
124905
125531
126119
126714
127274
127877
128483
129067
129662
130261
130857
131457
132049
132655
133246
133849
134436
135025
135626
136241
136882
137507
138112
138721
139321
139906
140518
141080
141678
142284
142884
143489
144079
144685
145279
145857
146451
147090
147706
148293
148888
149516
150101
150742
151309
151938
152551
153167
153829
154454
155071
155622
156228
156831
157430
158092
158711
159314
159907
160505
161117
161717
162369
163001
163589
164163
164832
165442
165976
166606
167220
167830
168692
169321
169963
170546
171117
171717
172306
172915
173518
174133
174720
175332
175923
176549
177158
177761
178346
178955
179548
180151
180748
181343
181953
182540
183141
183738
184340
184937
185522
186127
186714
187295
187906
188496
189088
189689
190274
190877
191519
192085
192691
193335
193870
194490
195098
195721
196317
196964
197571
198171
198753
199393
200007
200583
201207
201801
202395
202989
203595
204208
204814
205436
206060
206685
207274
207892
208523
209192