196
810
1466
2132
2895
3505
4090
4689
5292
5879
6453
7033
7649
8243
8796
9362
10005
10576
11160
11725
12282
12862
13452
14014
14586
15163
15734
16294
16878
17452
18026
18603
19177
19725
20313
20901
21459
22048
22626
23177
23733
24294
24885
25470
26075
26619
27192
27766
28344
28912
29479
30034
30613
31182
31788
32337
32882
33467
34048
34597
35171
35719
36282
36864
37430
38016
38596
39158
39724
40296
40846
41456
42016
42581
43152
43730
44290
44840
45420
45991
46552
47119
47701
48261
48844
49438
49991
50580
51167
51725
52281
52842
53439
54028
54579
55158
55743
56301
56876
57458
58021
58605
59163
59725
60285
60881
61467
62017
62599
63131
63707
64281
64866
65454
66025
66609
67166
67747
68309
68878
69434
70010
70601
71177
71752
72305
72888
73468
74058
74608
75180
75758
76350
76898
77476
78019
78607
79183
79735
80321
80895
81475
82028
82582
83174
83749
84329
84920
85486
86062
86623
87217
87798
88351
88902
89457
90038
90635
91202
91760
92320
92884
93458
94023
94577
95153
95725
96293
96863
97440
98031
98604
99135
99733
100311
100863
101437
102014
102572
103130
103716
104286
104853
105427
105988
106550
107135
107706
108274
108851
109418
110001
110566
111143
111714
112266
112842
113437
113981
114560
115115
115677
116236
116816
117400
117980
118527
119094
119684
120273
120854
121427
121979
122523
123095
123669
124253
124816
125391
125946
126508
127070
127635
128209
128778
129328
129869
130464
131046
131611
132194
132752
133325
133910
134453
135031
135578
136140
136767
137321
137887
138428
138981
139564
140131
140697
141265
141821
142405
142962
143536
144072
144670
145195
145762
146323
146908
147469
148037
148611
149176
149755
150337
150885
151434
151973
152540
153126
153680
154237
154789
155375
155965
156523
157071
157626
158192
158767
159339
159881
160423
161002
161575
162131
162698
163344
163859
164379
164961
165518
166089
166695
167282
167844
168408
168974
169552
170101
170667
171239
171800
172369
172937
173493
174043
174621
175191
175761
176330
176909
177475
178017
178555
179107
179687
180265
180838
181408
181958
182540
183108
183661
184229
184808
185393
185945
186500
187048
187586
188124
188677
189238
189785
190333
190885
191451
192000
192544
193095
193670
194243
194803
195340
195873
196438
197008
197554
198108
198648
199203
199767
200317
200863
201412
201949
202535
203083
203640
204184
204760
205330
205916
206471
207018
207584
208134
208711
209266
209819
210424
210978
211570
212154
212715
213526
214340
214904
215457
216012
216571
217139
217752
218204
218759
219332
219862
220401
220965
221531
222079
222632
223184
223745
224309
224861
225418
225965
226535
227081
227643
228181
228720
229299
229892
230423
230944
231502
232079
232624
233166
233718
234275
234821
235388
235931
236483
237043
237603
238160
238711
239255
239799
240345
240894
241458
242012
242583
243122
243669
244229
244785
245343
245888
246474
247042
247613
248163
248712
249261
249825
250398
250940
251480
252022
252569
253133
253670
254211
254748
255305
255854
256401
256964
257501
258050
258615
259167
259716
260268
260802
261345
261898
262409
262975
263514
264061
264628
265231
265787
266341
266838
267348
267892
268433
268978
269506
270042
270569
271113
271626
272174
272764
273312
273853
274417
274957
275509
276049
276585
277148
277684
278232
278735
279298
279884
280343
280899
281457
281957
282510
283076
283631
284178
284720
285266
285822
286365
286922
287463
288018
288549
289101
289682