350
1023
1677
2313
2996
3628
4267
4861
5503
6134
6774
7457
8104
8743
9434
10088
10780
11434
12124
12808
13433
14080
14719
15358
16006
16652
17300
17945
18622
19283
19960
20659
21348
21996
22644
23311
23972
24613
25266
25935
26574
27206
27853
28515
29154
29816
30471
31139
31800
32426
33050
33741
34365
34983
35659
36314
36967
37607
38269
38908
39569
40291
40971
41502
42284
43045
43656
44273
45050
45781
46369
47023
47802
48546
49161
49837
50536
51234
51895
52564
53190
53781
54431
55122
55701
56393
57011
57702
58370
58989
59643
60267
60930
61590
62314
62943
63618
64265
64964
65648
66330
67043
67764
68433
69057
69759
70418
71065
71755
72522
73249
73859
74585
75252
75922
76653
77333
77996
78671
79333
79965
80641
81303
81979
82634
83316
83915
84581
85250
85919
86558
87191
87838
88499
89161
89777
90455
91086
91748
92387
93005
93687
94335
94974
95621
96297
96899
97517
98150
98818
99465
100090
100760
101391
102052
102707
103346
104000
104631
105286
105963
106587
107242
107888
108536
109197
109859
110505
111159
111776
112431
113085
113768
114393
115055
115746
116358
116988
117613
118274
118966
119590
120258
120914
121575
122206
122821
123448
124095
124794
125448
126103
126751
127418
128065
128712
129359
130005
130645
131299
131915
132556
133204
133860
134562
135253
135952
136613
137297
137951
138634
139282
139899
140538
141185
141846
142500
143177
143801
144441
145117
145758
146418
147058
147689
148373
149027
149667
150346
150983
151630
152269
152908
153556
154232
154893
155510
156172
156826
157459
158076
158700
159389
160090
160707
161361
162007
162661
163339
163978
164625
165256
165889
166583
167230
167885
168568
169230
169898
170553
171184
171811
172456
173097
173749
174419
175052
175711
176358
177041