407
1021
1631
2259
2878
3509
4097
4678
5313
5879
6469
7104
7742
8303
8921
9509
10141
10775
11339
11959
12514
13138
13756
14360
14937
15570
16181
16806
17424
18055
18643
19267
19863
20480
21082
21675
22254
22852
23484
24119
24728
25326
25912
26515
27150
27779
28337
28940
29558
30195
30844
31417
32020
32646
33255
33843
34455
35015
35568
36181
36828
37466
38040
38667
39230
39863
40494
41114
41729
42354
42927
43537
44155
44759
45368
45957
46574
47206
47815
48364
48956
49587
50174
50792
51380
51993
52610
53198
53756
54389
55011
55613
56204
56787
57402
57987
58542
59156
59761
60337
60946
61555
62150
62743
63372
63985
64595
65213
65823
66389
66952
67566
68178
68808
69382
69983
70584
71176
71788
72382
73006
73606
74157
74708
75309
75910
76540
77158
77738
78308
78944
79574
80177
80751
81324
81880
82467
83103
83701
84257
84887
85523
86127
86716
87327
87906
88507
89122
89675
90211
90827
91457
92070
92620
93164
93756
94396
95040
95642
96238
96818
97420
97988
98553
99190
99824
100414
101045
101627
102234
102824
103455
104030
104661
105240
105794
106382
107013
107619
108213
108806
109401
109975
110592
111151
111755
112330
112934
113536
114124
114727
115333
115920
116502
117124
117736
118346
118956
119544
120121
120753
121360
121941
122551
123146
123741
124351
124983
125546
126110
126742
127345
127908
128523
129111
129721
130309
130922
131485
132069
132690
133304
133849
134472
135090
135663
136280
136834
137422
137997
138590
139209
139796
140429
141058
141655
142244
142829
143384
143945
144526
145161
145784
146387
146962
147546
148153
148789
149430
150019
150598
151160
151703
152332
152959
153522
154105
154719
155299
155917
156518
157065
157639
158249
158821
159436
160036
160654
161211
161802
162409
163024
163596
164153
164705
165256
165825
166438
167018
167601
168171
168737
169321
169902
170483
171079
171626
172256
172839
173420
173980
174565
175141
175718
176319
176885
177432
178048
178619
179191
179715
180285
180844
181419
181988
182571
183139
183696
184262
184883
185412
186022
186622
187196
187771
188307
188839
189472
190056
190627
191180
191745
192304
192907
193463
194024
194582
195169
195736
196306
196875
197428
197990
198569
199124
199720
200267
200825
201377
201959
202577
203142
203725
204296
204882
205451
206021
206574
207146
207706
208302
208878
209443
210006
210544
211103
211686
212279
212848
213455
214042
214606
215184
215729
216295
216909
217473
218060
218656
219229
219824
220386
220968
221527
222087
222673
223247
223817
224394
224974
225528
226091
226638
227232
227833
228391
228958
229512
230079
230670
231236
231809
232383
232954
233537
234104
234656
235249
235799
236348
236911
237441
238064
238623
239189
239751
240327
240901
241471
242021
242608
243194
243783
244370
244929
245490
246093
246700
247303
247854
248413
248973
249552
250139
250714
251275
251841
252425
252976
253583
254139
254633
255213
255824
256419
256960
257544
258108
258677
259253
259825
260404
260963
261551
262072
262644
263236
263815
264364
264950
265539
266078
266684
267224