459
971
1590
2144
2720
3298
3894
4470
5046
5602
6219
6774
7328
7926
8480
9014
9570
10167
10763
11318
11894
12491
13067
13664
14198
14732
15328
15883
16459
17036
17568
18167
18699
19254
19872
20407
20960
21538
22091
22688
23222
23798
24354
24907
25462
26016
26592
27147
27682
28278
28832
29472
30070
30646
31222
31778
32310
32864
33483
34038
34571
35126
35702
36236
36768
37387
37984
38518
39095
39627
40204
40738
41312
41867
42422
42955
43468
44043
44598
45152
45707
46306
46902
47499
48075
48694
49228
49782
50336
50912
51467
52000
52514
53131
53664
54199
54774
55307
55842
56416
56971
57547
58038
58571
59147
59682
60236
60811
61366
61879
62432
62966
63520
64096
64651
65184
65739
66294
66848
67424
67958
68512
69046
69643
70156
70752
71287
71840
72374
72930
73504
74018
74550
75147
75704
76235
76768
77323
77942
78411
78946
79499
80075
80566
81099
81654
82208
82742
83298
83851
84384
84939
85472
86048
86582
87138
87691
88268
88843
89398
89954
90508
91042
91616
92150
92726
93259
93794
94390
94966
95520
96096
96694
97270
97867
98400
98955
99531
100064
100619
101195
101750
102304
102838
103392
103948
104546
105100
105676
106230
106784
107339
107894
108448
109003
109536
110050
110646
111200
111755
112310
112908
113483
114059
114635
115234
115808
116363
116896
117472
118027
118560
119115
119648
120246
120800
121335
121888
122444
123019
123552
124128
124662
125216
125772
126347
126882
127456
127990
128523
129099
129676
130187
130763
131307
131894
132427
133003
133536
134070
134624
135222
135712
136267
136822
137419
137954
138486
139040
139616
140150
140683
141216
141708
142283
142816
143371
143926
144523
145035
145570
146166
146720
147254
147766
148342
148875
149408
149964
150560
151094
151650
152162
152779
153334
153888
154443
155062
155659
156256
156811
157387
157963
158496
159051
159627
160160
160736
161270
161824
162402
162934
163488
164000
164576
165152
165707
166219
166754
167266
167820
168395
168928
169484
170018
170550
171083
171638
172172
172747
173280
173792
174390
174903
175499
176011
176546
177184
177698
178272
178806
179339
179915
180491
180983
181600
182134
182688
183202
183776
184332
184907
185462
185954
186550
187083
187634
188171
188747
189302
189835
190370
190923
191458
192032
192610
193163
193654
194231
194763
195318
195872
196406
196962
197494
198050
198603
199158
199691
200204
200779
201292
201846
202379
202955
203467
204044
204576
205131
205666
206262
206795
207328
207863
208418
208950
209506
210039
210592
211104
211639
212236
212790
213302
213835
214411
214946
215500
216054
216546
217122
217654
218187
218742
219296
219830
220384
220940
221494
222007
222562
223158
223734
224288
224843
225442
226016
226786
227362
227808
228299
228875
229420
229986
230539
231115
231670
232204
232738
233291
233846
234422
234976
235510
236064
236640
237132
237686
238240
238859
239456
240011
240608
241206
241824
242358
242914
243490
244107
244704
245280
245815
246368
246902
247456
248032
248566
249122
249696
250208
250743
251296
251872
252427
253003
253538
254134
254626
255202
255776
256288
256907
257462
258059
258636
259254
259852
260427
260982
261579
262074
262583
263158
263714
264254
264780
265314
265890
266400
266934
267467
268000
268534
269067
269622
270155
270711
271244
271819
272459
273014
273570
274146
274720
275276
275830
276363
276918
277451
278006
278540
279072
279648
280203
280736
281248
281762
282294
282870
283403
283958
284450
285003
285558
286112
286646
287159
287714
288268
288800
289314
289868
290400
290934
291446
292000
292535
293110
293643
294155
294688
295222
295776
296268
296822
297356
297910
298466
298998
299510
300022
300555
301088
301622
302176
302688
303222
303734
304288
304822
305398
305890
306422
306955
307490
308000
308535
309090
309622
310134
310710
311243
311798
312288
312843
313355
313888
314444
314956
315490
316043
316556
317068
317643
318176
318710
319222
319755
320290
320843
321335
321910
322444
322955
323468
324023
324555
325067
325600
326155
326688
327200
327734
328267
328822
329314
329867
330422
330955
331510
332066
332576
333131
333664
334198
334732
335264
335819
336374
336950
337440
337952
338507
339019
339595
340108
340683
341195
341750
342318
342838
343350
343883
344438
344992
345568
346080
346592
347127
347659
348235
348747
349302
349835
350411
350882
351435
351947
352502
353035
353590
354144
354678
355211
355744
356322
356854
357346
357878
358454
358966
359478
360032
360546
361099
361632
362123
362635
363190
363702
364235
364726
365262
365792
366326
366880
367392
367883
368459
368971
369504
370016
370528
371083
371583
372107
372662
373195
373707
374240
374731
375243
375776
376288
376843
377378
377888
378400
378914
379446
379979
380491
381003
381538
382048
382626
383115
383648
384162
384672
385184
385718
386231
386763
387254
387787
388320
388854
389366
389879
390411
390944
391414
391947
392482
393035
393547
394080
394592
395126
395659
396171
396706
397259
397750
398304
398839
399392
399947
400482
401014
401570
402080
402700
403234
403744
404406