694
1363
2020
2659
3270
3898
4531
5167
5817
6467
7107
7745
8373
8979
9614
10245
10893
11518
12154
12793
13432
14075
14701
15346
15979
16597
17196
17864
18545
19164
19766
20410
21021
21669
22316
22956
23585
24266
24887
25495
26112
26755
27384
28000
28648
29264
29894
30519
31141
31774
32405
32989
33661
34267
34911
35538
36164
36825
37442
38047
38659
39308
39954
40556
41193
41825
42443
43112
43753
44412
45076
45714
46369
47022
47607
48286
48877
49543
50162
50794
51427
52046
52661
53278
53939
54547
55166
55751
56417
57028
57669
58295
58883
59522
60132
60760
61412
61948
62570
63224
63878
64469
65053
65658
66327
66929
67507
68158
68770
69389
69979
70588
71219
71852
72463
73034
73635
74263
74860
75438
76021
76623
77150
77779
78443
79076
79645
80236
80873
81471
82059
82660
83317
83914
84490
85107
85750
86328
86886
87454
88105
88713
89297
89865
90554
91165
91736
92283
92879
93466
94097
94733
95583
96217
96825
97456
98064
98663
99304
99896
100515
101137
101758
102373
102985
103596
104224
104818
105459
106053
106684
107304
107910
108548
109184
109788
110398
111047
111678
112346
112990
113603
114195
114818
115448
116051
116661
117271
117879
118459
119040
119677
120310
120885
121525
122120
122756
123350
123934
124533
125113
125689
126287
126922
127505
128123
128747
129346
129921
130537
131109
131665
132289
132917
133496
134086
134744
135313
135919
136548
137184
137754
138364
138962
139567
140154
140738
141304
141918
142534
143072
143709
144354
144925
145538
146109
146747
147316
147932
148516
149116
149719
150329
150918
151527
152100
152688
153316
153893
154564
155158
155746
156307
156873
157521
158134
158705
159306
159866
160476
161060
161620
162252
162815
163407
164047
164578
165182
165780
166361
166984
167533
168121
168705
169272