10464
11081
11734
12325
12959
13594
14174
14782
15409
16025
16638
17277
17847
18467
19069
19677
20307
20933
21545
22131
22748
23332
23936
24529
25125
25725
26316
26909
27510
28107
28710
29307
29885
30499
31097
31682
32266
32849
33465
34074
34658
35257
35858
36422
37025
37613
38210
38822
39399
39980
40557
41161
42403
43121
43753
44347
44910
45534
46147
46744
47352
47953
48558
49161
49753
50378
51007
51608
52199
52765
53383
53956
54558
55164
55751
56314
56896
57524
58081
58669
59245
59873
60433
60992
61593
62181
62786
63362
63911
64493
65072
65620
66203
66783
67369
67948
68534
69126
69674
70283
70854
71415
71996
72572
73158
73709
74269
74843
75401
75970
76564
77123
77702
78275
78817
79375
79929
80499
81044
81630
82160
82670
83220
83867
84470
85022
85596
86165
86764
87349
87903
88460
89006
89590
90178
90775
91339
91895
92439
93034
93617
94159
94717
95273
95852
96427
97005
97563
98141
98670
99246
99846
100491
101114
101757
102340
102933
103511
104087
104647
105211
105773
106371
107004
107547
108109
108654
109209
109779
110360
110935
111518
112079
112693
113246
113823
114372
114942
115522
116069
116676
117272
117827
118390
118917
119500
120070
120612
121176
121709
122292
122840
123401
123939
124498
125061
125616
126173
126728
127300
127831
128397
128939
129493
130029
130509
131112
131623
132139
132718
133261
133835
134389
134942
135473
136000
136541
137105
137667
138227
138804
139330
139866
140424
141000
141556
142095
142633
143169
143712
144255
144835
145381
145945
146507
147041
147604
148158
148712
149248
149832
150380
150937
151501
152082
152619
153187
153759
154318
154886
155446
156028
156603
157273
157828
158436
159076
159630
160230
160788
161381
161957
162570
163090
163644
164303
164845
165463
166020
166597
167228
167772