21600
22256
22861
23516
24209
24807
25440
26034
26666
27254
27872
28506
29092
29724
30334
30944
31548
32149
32774
33384
34017
34627
35229
35855
36450
37075
37669
38302
38911
39508
40103
40713
41352
41971
42602
43256
43887
44513
45116
45789
46390
46991
47609
48225
48827
49423
50047
50680
51305
51936
52561
53225
53847
54479
55131
55772
56384
56950
57567
58206
58795
59419
60007
60610
61236
61869
62498
63125
63734
64337
64917
65585
66211
66825
67405
68065
68698
69248
69837
70480
71136
71769
72377
72974
73574
74209
74806
75422
76017
76626
77252
77864
78500
79103
79739
80422
81057
81720
82348
82949
83559
84145
84719
85359
85926
86558
87168
87775
88377
89000
89687
90275
90926
91584
92197
92831
93428
94047
94662
95243
95862
96472
97062
97691
98330
98983
99598
100183
100800
101367
101977
102617
103227
103850
104454
105064
105689
106269
106851
107512
108181
108758
109380
110007
110569
111187
111782
112399
113038
113640
114208
114831
115451
116067
116671
117320
118021
118675
119296
119895
120570
121143
121726
122342
122951
123544
124174
124774
125391
125973
126578
127172
127798
128415
129045
129628
130244
130841
131462
132074
132681
133280
133875
134466
135070
135669
136280
136902
137529
138117
138709
139354
139946
140586
141227
141839
142452
143019
143641
144266
144828
145445
146071
146662
147276
147915
148502
149080
149699
150387
151036
151664
152254
152853
153442
154077
154689
155274
155875
156490
157165
157815
158417
159034
159587
160181
160819
161439
162027
162649
163237
163848
164445
165045
165679
166294
166941
167587
168212
168788
169379
170005
170611
171214
171752
172395
173020
173589
174217
174827
175372
175992
176593
177234
177836
178455
179057
179645
180233
180834
181415
182004
182621
183173
183769
184391
184988
185585
186205
186808
187392
187997
188600
189177
189774
190368
190995
191605
192153
192750
193308
193929
194510
195105
195715
196290
196883
197473
198054
198657
199227
199797
200393
200988
201551
202136
202755
203321
203910
204505
205104