1560
2166
2747
3313
3902
4446
5030
5603
6175
6765
7314
7870
8465
8991
9609
10191
10810
11355
11949
12528
13116
13648
14219
14757
15321
15856
16412
16966
17512
18064
18627
19192
19766
20318
20896
21441
22011
22547
23087
23617
24194
24758
25295
25868
26441
26980
27510
28106
28663
29251
29809
30382
30941
31510
32041
32590
33122
33677
34228
34805
35353
35880
36433
36989
37550
38149
38673
39243
39757
40313
40879
41440
41955
42552
43104
43645
44176
44726
45297
45875
46440
47086
47695
48257
48790
49338
49897
50421
50994
51553
52121
52638
53209
53779
54310
54881
55437
56029
56572
57125
57702
58230
58787
59345
59887
60451
61004
61529
62114
62689
63238
63759
64327
64902
65469
66069
66591
67137
67710
68296
68852
69429
69988
70535
71095
71667
72255
72794
73381
73929
74452
75015
75608
76157
76706
77256
77785
78337
78902
79491
80044
80594
81098
81631
82183
82754
83304
83837
84406
84963
85502
86018
86561
87129
87639
88167
88757
89274
89834
90397
90919
91477
92033
92598
93161
93675
94218
94763
95327
95855
96385
96940
97484
98009
98557
99123
99650
100199
100748
101271
101805
102338
102880
103433
103966
104527
105064
105593
106145
106711
107242
107760
108339
108864
109400
109930
110480
111000
111528
112047
112602
113145
113724
114258
114794
115344
115840
116401
116920
117498
118032
118591
119125
119667
120213
120723
121267
121811
122352
122907
123522
124096
124684
125226
125834
126386
126967
127587
128142
128692
129206
129903
130479
131014
131604
132174
132763
133341
133924
134478
135054
135651
136245
136808
137378
137943
138466
138999
139588
140201
140776
141299
141929
142498
143025
143602
144186
144731
145310
145854
146418
146979
147545
148122
148669
149256
149818
150357
150873
151467
152020
152554
153127
153722
154291
154835
155399
155925
156453
157048
157593
158184
158766
159293
159874
160411
160961
161503
162048
162629
163173
163722
164297
164847
165410
165944
166526
167088
167681
168246
168773
169344
169902
170453
171010
171579
172138
172713
173275
173803
174399
174976
175535
176106
176681
177248
177836
178415
178948
179488
180066
180658
181218
181770
182351
182885
183430
183983
184530
185071
185635
186183
186741
187274
187849
188388
188933
189431
189985
190534
191108
191625
192146
192712
193271
193806
194359
194916
195434
195976
196501
197081
197612
198143
198706
199243
199803
200350
200914
201456
202007
202559
203088
203628
204175
204737
205232
205751
206303
206862
207417
207953
208500
209029
209576
210128
210651
211189
211728
212243
212801
213351
213874
214420
214989
215555
216142
216720