3157
3827
4521
5205
5910
6607
7256
7986
8629
9343
10005
10712
11359
12090
12798
13541
14208
14954
15665
16349
17078
17791
18494
19243
19998
20694
21511
22308
22992
23655
24335
25000
25636
26313
26983
27630
28262
28931
29646
30307
30971
31592
32251
32906
33628
34263
34911
35589
36198
36877
37516
38170
38823
39478
40155
40779
41498
42121
42802
43433
44141
44813
45469
46130
46836
47600
48261
48953
49574
50188
50847
51513
52173
52848
53511
54149
54826
55497
56125
56775
57434
58121
58728
59375
60036
60724
61404
62037
62705
63315
63968
64678
65342
65953
66592
67283
67929
68547
69224
69917
70495
71142
71826
72472
73134
73790
74405
75023
75692
76414
77047
77732
78384
79110
79787
80477
81135
81803
82457
83110
83767
84397
85065
85718
86332
86998
87642
88343
88968
89629
90281
90922
91531
92178
92837
93493
94125
94789
95435
96090
96729
97341
98014
98594
99204
99879
100477
101124
101768
102380
103040
103645
104319
105017
105673
106299
106897
107566
108135
108782
109445
110091
110758
111384
112036
112604
113309
113904
114516
115162
115768
116378
116977
117589
118227
118843
119424
119991
120665
121270
121879
122484
123106
123692
124304
124886
125549
126167
126717
127335
127968
128552
129149
129751
130354
130972
131591
132197
132843
133414
134031
134631
135232
135823
136433
137061
137661
138270
138844
139461
140076
140720
141247
141878
142513
143085
143651
144280
144900
145465
146085
146704
147305
147891
148509
149060
149707
150251
150900
151476
152110
152684
153270
153845
154484
155065
155649
156212
156822
157388
157978
158600
159212
159786
160420
160945
161563
162173
162739
163327
163943
164540
165136
165679
166305
166862
167482
168082
168649
169247
169831
170437
171028
171603
172176
172742
173324
173948
174567
175138
175719
176319
176925
177499
178100
178684
179275
179878
180484
181011
181643
182173
182813
183377
183965
184540
185127
185701
186422
187185
187812
188390
188950
189508
190117
190727
191418
192197
192824
193441
194048
194626
195276
195907
196503
197135
197798
198386
198963
199543
200161
200795
201367
202068
202701
203323
203924
204514
205154
205735
206309
206913
207530
208140
208750
209308
209904
210499
211125
211731
212352
212917
213523
214101
214729
215313
215902
216510
217073
217704
218254
218842
219429
220057
220606
221222
221818
222377
222965
223553
224178
224715
225317
225935
226501
227127
227661
228271
228830
229470
230029
230631
231215
231777
232398
232959
233554
234108
234718
235291
235879
236460
237047
237644
238209
238831
239400
239978
240525
241120
241705
242252
242818
243261
243994
244582
245160
245750
246331
246846
247434
248036
248616
249190
249809
250343
250910
251525
252117
252659
253240
253813
254394
254952
255562
256129
256713
257282
257844
258400
259012
259600
260160
260727
261299
261867
262448
262994
263576
264194
264742
265268
265866
266431
267043
267623
268158
268707
269291
269856
270461
270996
271585
272153
272705
273279
273862