6279
6945
7599
8320
9081
9765
10482
11209
11959
12676
13319
14044
14742
15443
16145
16810
17530
18195
18916
19584
20323
21003
21698
22380
23104
23751
24465
25119
25861
26541
27254
27934
28674
29348
30036
30715
31413
32123
32837
33537
34199
34886
35582
36323
36981
37637
38367
39046
39738
40454
41167
41837
42519
43229
43902
44588
45298
45971
46651
47342
48032
48727
49437
50109
50828
51491
52151
52894
53566
54243
54912
55595
56289
57024
57670
58367
59060
59763
60427
61149
61792
62527
63221
63909
64589
65282
65944
66635
67329
68006
68755
69384
70089
70783
71449
72137
72820
73536
74209
74879
75558
76257
76944
77642
78300
79023
79699
80403
81111
81798
82456
83140
83867
84565
85257
85929
86691
87311
88016
88689
89423
90097
90791
91493
92191
92868
93559
94267
94944
95609
96311
96987
97729
98402
99095
99735
100471
101166
101857
102539
103264
103929
104642
105330
106032
106719
107435
108130
108813
109520
110232
110930
111606
112319
113054
113676
114396
115108
115785
116491
117188
117887
118578
119295
119982
120650
121364
122032
122740
123475
124127
124836
125535
126233
126928
127611
128322
128982
129676
130414
131051
131734
132429
133112
133796
134494
135178
135858
136552
137258
137927
138617
139338
139995
140671
141367
142051
142763
143439
144116
144845
145508
146226
146930
147610
148255
149012
149657
150345
151024
151715
152392
153075
153770
154479
155166
155842
156522
157217
157889
158638
159323
160010
160692
161392
162076
162769
163423
164144
164832
165508
166237
166864
167555
168235
168932
169605
170278
170997
171667
172343
173046
173771
174398
175099
175783
176467
177171
177836
178539
179255
179906
180627
181302
182003
182700
183394
184078
184757
185456
186135
186848
187547
188226
188917
189607
190318
191009
191721
192400
193074
193765
194459
195169
195841
196558
197260
197936
198597
199321
200019
200739
201419
202144
202820
203522
204231
204926
205601
206292
207023
207667
208366
209053
209757
210470
211173
211842
212521
213231
213914
214631
215343
216023
216723
217413
218107
218809
219516
220213
220882
221566
222246
222963
223631
224315
225027
225743
226409
227081
227760
228479
229146
229826
230525
231208
231866
232546
233227
233899
234599
235306
235993
236689
237364
238063
238732
239422
240136
240808
241469
242195
242882
243548
244245
244920
245613
246290
246977
247665
248342
249033
249722
250403
251078
251775
252467
253162
253858
254591
255262
255970
256671
257334
258054
258739
259405