396
1123
1857
2562
3277
4025
4719
5435
6143
6897
7599
8288
8980
9724
10428
11158
11839
12563
13300
14037
14743
15465
16154
16902
17604
18323
19052
19781
20483
21199
21925
22636
23376
24083
24819
25515
26245
27006
27723
28444
29139
29872
30614
31346
32075
32781
33512
34230
34945
35685
36418
37125
37829
38581
39305
40020
40752
41483
42205
42914
43632
44365
45095
45779
46499
47270
47971
48708
49469
50179
50896
51618
52333
53052
53802
54487
55241
55961
56732
57413
58114
58833
59552
60254
61007
61729
62438
63170
63907
64604
65351
66059
66810
67542
68284
68988
69710
70406
71136
71868
72590
73325
74061
74815
75558
76264
76987
77726
78453
79173
79932
80639
81374
82110
82866
83616
84349
85079
85835
86583
87314
88030
88790
89519
90263
90986
91747
92458
93179
93906
94683
95407
96134
96854
97602
98352
99083
99807
100536
101273
101998
102747
103505
104237
104985
105733
106447
107158
107901
108650
109370
110092
110799
111524
112253
112994
113684
114418
115118
115843
116552
117296
118035
118749
119448
120194
120912
121626
122370
123060
123789
124531
125271
125998
126731
127454
128170
128877
129586
130353
131073
131783
132521
133227
133984
134700
135387
136112
136840
137584
138278
139009
139721
140471
141184
141915
142654
143382
144105
144820
145552
146266
147002
147724
148460
149213
149951
150655
151371
152087
152835
153532
154307
155049
155781
156492
157228
157959
158700
159444
160130
160861
161600
162320
163106
163823
164539
165260
166002
166723
167465
168211
168941
169663
170404
171128
171834
172585
173312
174038
174728
175473
176204
176931
177641
178355
179092
179821
180541
181264
181996
182727
183438
184161
184873
185599
186295
187029
187762
188502
189224
189942
190677
191416
192148
192879
193596
194320
195065
195775
196506
197231
197962
198710
199430
200168
200917
201634
202330
203073
203813
204565
205271
206023
206736
207481
208185
208940
209643
210410
211136
211863
212613
213352
214085
214814
215559
216304
217044
217764
218494
219257
219960
220711
221450
222168
222915
223643
224361
225071
225827
226574
227286
228015
228771
229508
230242
230954
231683
232415
233137
233885
234613
235350
236056
236771
237493
238231
238969
239694
240440
241150
241869
242599
243320
244066
244778
245509
246233
246980
247708
248414
249165
249884
250621
251347
252082
252796
253552
254276
254999
255725
256463
257198
257939
258650
259400
260105
260839
261590
262328
263057
263810
264525
265269
265999
266733
267459
268208
268930
269677
270406
271154
271853
272592
273316
274069
274806
275580
276304
277039
277785
278498
279254
279986
280734
281465
282183
282875
283607
284313
285026
285732
286470
287159
287874
288607
289341
290043
290743
291452
292172
292898
293632
294360