169
1116
2051
2987
3913
4817
5759
6592
7483
8442
9326
10222
11079
12024
12930
13792
14680
15607
16531
17409
18291
19212
20162
21034
21939
22829
23759
24603
25552
26448
27348
28203
29069
29941
30910
31761
32644
33514
34423
35295
36200
37095
37942
38945
39798
40742
41569
42494
43353
44272
45145
46079
46965
47839
48753
49583
50505
51436
52360
53263
54193
55034
55947
56879
57781
58678
59569
60460
61387
62236
63076
63964
64876
65742
66602
67513
68384
69255
70185
71148
72110
73027
73914
74797
75649
76551
77444
78284
79233
80092
81011
81903
82736
83677
84552
85440
86370
87255
88173
89043
89927
90881
91712
92602
93451
94371
95341
96216
97085
98008
98892
99774
100649
101574
102413
103365
104212
105101
106040
106882
107738
108628
109495
110377
111251
112128
113004
113815
114660
115499
116384
117295
118129
118997
119869
120750
121681
122562
123395
124243
125133
126000
126857
127734
128601
129474
130369
131211
132124
132961
133870
134739
135655
136543
137403
138291
139179
140037
140899
141762
142652
143578
144376
145258
146144
146981
147896
148779
149657
150493
151373
152264
153132
154061
154942
155854
156681
157564
158455
159374
160245
161130
162106
162969
163798