1017
1721
2383
3001
3641
4281
4964
5604
6245
6885
7545
8185
8847
9508
10148
10724
11407
12025
12645
13284
13904
14543
15140
15801
16441
17060
17743
18319
19044
19664
20324
20944
21561
22201
22843
23503
24143
24740
25359
25999
26703
27321
28004
28601
29220
29860
30479
31140
31737
32420
33039
33616
34255
34895
35556
36132
36772
37391
38009
38672
39332
39993
40633
41252
41892
42553
43131
43791
44473
45092
45732
46351
47012
47652
48292
48911
49551
50191
50853
51492
52132
52752
53392
54052
54672
55311
55929
56569
57145
57807
58447
59088
59727
60345
60985
61625
62265
62863
63524
64164
64804
65401
66063
66681
67321
68005
68559
69199
69817
70480
71099
71717
72420
73040
73723
74340
75001
75600
76260
76921
77604
78265
78905
79503
80143
80804
81401
82000
82640
83279
83940
84559
85199
85881
86521
87140
87780
88441
89060
89680
90319
90980
91599
92217
92815
93455
94073
94713
95375
96016
96655
97273
97892
98553
99193
99791
100431
101071
101668
102329
102928
103567
104207
104827
105487
106148
106767
107385
108005
108687
109327
109945
110565
111225
111844
112464
113124
113785
114383
115023
115620
116260
116901
117561
118201
118820
119465
120057
120741
121359
121999
122640
123279
123919
124559
125199
125797
126479
127097
127716
128356
128996
129636
130235
130853
131493
132111
132772
133392
134031
134628
135268
135909
136569
137231
137871
138511
139172
139833
140453
141135
141796
142415
143076
143695
144357
145017
145657
146297
146959
147600
148239
148900
149583
150287
150885
151545
152228
152889
153509
154192
154873
155535
156153
156836
157497
158160
158757
159460
160059
160761
161401
162041
162704
163364
164004
164687
165305
165947
166607
167289
167972
168592
169231
169893
170533
171215
171813
172475
173113
173775
174393
175076
175716
176335
177017
177657
178340
178981
179620
180303
180921
181583
182244
182905
183588
184229
184825
185487
186171
186832
187449
188111
188815
189455
190096
190756
191397
192016
192697
193359
194063
194703
195343
196004
196645
197327
197988
198649
199311
199973
200591
201316
201999
202660
203345
204025
204716
205328
205947
206585
207247
207908
208505
209188
209807
210404
211065
211728
212409
213049
213668
214288
214969
215568
216228
216868
217551
218213
218831
219428
220111
220709
221348
221988
222671
223312
223909
224569
225231
225871
226468
227067
227748
228367
229029
229668
230287
230927
231545
232185
232889
233487
234105
234767
235429
236068
236665
237327
237924
238544
239141
239803
240443
241081
241701
242361
243024
243663
244260
244900
245563
246181
246777
247417
248057
248719
249295
249956
250617
251215
251855
252537
253177
253796
254500
255140
255844
256464
257167
257828
258448
259129
259792
260473
261156
261817
262479
263161
263801
264505
265145
265807
266469
267172
267791
268473
269156
269817
270500
271184
271845
272527
273188
273849
274489
275173
275813
276496
277220
277883
278564
279247
279951
280613
281231
281872
282532
283215
283833
284516
285175
285817
286396
287076
287759
288400
288996
289700
290361
291065
291728
292388
293049
293776
294436
295120
295845
296484
297124
297807
298512
299151
299769
300452
301177
301839
302479
303183
303824
304527
305188
305851
306553
307257
307983
308688
309391
310032
310671
311311
311993
312656
313316
313999
314617
315321
315940
316623
317327
317988
318649
319291
319952
320612
321252
321871
322553
323216
323856
324580
325200
325861
326500
327161
327781
328421
329124
329785
330448
331151
331748
332431
333113
333796
334393
335056
335717
336377
337040
337721
338404
339044
339663
340340
341049
341669
342308
342948
343695
344292
344911
345552
346233
346875
347535
348197
348815
349519
350124
350777
351460
352100
352740
353381
354064
354745
355365
356047
356687
357348
357988
358649
359300
359993
360612
361275
361977
362640
363280
363919
364645
365307
365904
366607
367268
367972
368591
369253
369956
370639
371279
371961