280
996
1630
2346
3041
3746
4410
5064
5733
6400
7071
7742
8444
9113
9779
10439
11139
11836
12491
13140
13784
14454
15134
15786
16441
17107
17782
18453
19103
19789
20444
21077
21754
22437
23118
23802
24460
25120
25764
26422
27099
27770
28429
29090
29774
30432
31111
31791
32456
33132
33779
34476
35127
35822
36505
37174
37846
38530
39176
39886
40581
41237
41883
42541
43206
43888
44566
45253
45954
46637
47309
47967
48611
49291
49985
50658
51316
52026
52665
53351
54027
54689
55362
55996
56705
57365
58072
58712
59371
60040
60638
61364
62031
62717
63379
64088
64755
65420
66073
66752
67438
68110
68771
69463
70128
70798
71467
72143
72815
73500
74163
74810
75504
76170
76841
77521
78200
78882
79535
80228
80906
81573
82252
82896
83562
84225
84914
85611
86256
86929
87631
88292
88961
89628
90283
90973
91637
92305
92996
93661
94322
95015
95718
96375
97052
97728
98403
99066
99758
100442
101134
101779
102462
103137
103827
104498
105161
105847
106507
107198
107880
108532
109232
109956
110596
111247
111909
112590
113248
113963
114615
115293
115989
116668
117333
118015
118681
119333
120004
120729
121424
122112
122775
123411
124089
124749
125427
126116
126791
127489
128158
128865
129542
130237
130884
131615
132287
132982
133645
134297
134965
135671
136362
137039
137719
138408
139050
139719
140382
141057
141679
142389
143071
143706
144387
145084
145745
146451
147126
147783
148468
149162
149842
150510
151195
151885
152555
153201
153881
154568
155232
155923
156607
157288
157960
158569
159302
159989
160656
161304
161968
162654
163325
163987
164661
165339
166006
166695
167353
168042
168738
169427
170108
170782
171487
172153
172841
173542
174214
174878
175549
176231
176928
177564
178217
178921
179611
180306
180990
181657
182353
183021
183726
184399
185071
185757
186440
187147
187846
188511
189160
189861
190564
191259
191923
192599
193283
193980
194661
195357
195993
196705
197386
198076
198723
199439
200087
200787
201466
202133
202810
203479
204138
204812
205478
206178
206851
207558
208215
208878
209592
210269
210964
211637
212313
212963
213658
214326
215038
215712
216392
217054
217754
218396
219075
219745
220436
221100
221788
222442
223121
223788
224481
225170
225881
226553
227208
227862
228542
229207
229877
230565
231231
231882
232543
233189
233864
234551
235210
235875
236508
237202
237883
238547
239209
239848
240529
241241
241890
242512
243169
243809
244426
245050
245813
246476
247141
247804
248504
249176
249854
250531
251210
251894
252545
253215
253900
254590
255280
255930
256590
257262
257958
258617
259286
259964
260628
261284
261937
262628
263284
263970
264624
265276
265934
266594
267291
267986
268648
269317
269977
270639
271305
271942
272603
273246
273907
274537
275212
275873
276531
277173
277841
278480
279156
279755
280430
281092
281778
282397
283064
283699
284396
285056
285692
286329
287011
287671
288313
288990
289650
290315
290980
291682
292348
293027
293683
294333
295032
295704
296387
297062
297728
298405
299088
299765
300409
301069
301765
302432
303096
303774
304440
305113
305790
306458
307161
307807
308519
309159
309807
310471
311138
311808
312496
313149
313816
314457
315111
315807
316495
317131
317767
318438
319105
319757
320460
321108
321728
322366
323003
323641
324294
324930
325589
326219
326883
327516
328185
328850
329487
330138
330816
331435
332087
332774
333439
334063
334720
335366