1140
1802
2501
3177
3847
4549
5211
5913
6615
7304
7997
8668
9338
10023
10691
11410
12126
12802
13488
14129
14817
15540
16226
16899
17540
18272
18980
19649
20338
20998
21702
22383
23103
23797
24508
25184
25880
26551
27247
27918
28611
29320
30000
30660
31344
32037
32747
33422
34159
34823
35512
36188
36830
37524
38247
38941
39650
40311
41007
41658
42364
43076
43738
44423
45114
45787
46511
47221
47884
48607
49253
49932
50620
51314
52020
52701
53403
54091
54783
55435
56142
56842
57530
58197
58861
59584
60269
60970
61668
62315
63014
63688
64358
65075
65765
66419
67101
67771
68513
69207
69894
70592
71267
71944
72644
73361
74034
74720
75407
76052
76780
77486
78147
78855
79525
80224
80929
81596
82282
82960
83652
84379
85057
85746
86402
87101
87825
88483
89165
89869
90596
91237
91928
92591
93279
93971
94643
95328
96033
96741
97464
98107
98790
99463
100171
100869
101536
102198
102907
103614
104304
105010
105676
106348
107054
107725
108425
109117
109786
110482
111156
111884
112563
113217
113912
114626
115284
115973
116671
117333
118009
118700
119398
120057
120766
121472
122170
122858
123525
124226
124916
125572
126276
126964
127656
128355
129070
129738
130390
131078
131802
132478
133157
133844
134544
135236
135869
136569
137232
137940
138654
139333
140020
140708
141436
142107
142771
143472
144159
144875
145519
146230
146923
147578
148290
148945
149671
150356
151057
151750
152431
153117
153794
154448
155164
155863
156551
157274
157946
158613
159278
159989
160690
161400
162059
162749
163412
164122
164807
165494
166166
166862
167558
168240
168924
169591
170289
170974
171667
172381
173076
173769
174454
175152
175856
176503
177196
177886
178593
179284
179988
180701
181368
182000
182715
183396
184085
184749
185476
186171
186825
187509
188218
188899
189576
190274
190995
191677
192349
193029
193678
194394
195088
195753
196481
197182
197849
198536
199231
199906
200584
201257
201978
202675
203329
203957
204669
205414
206101
206830
207523
208180
208861
209511
210214
210924
211599
212264
212980
213698
214358
215086
215761
216454
217140
217878
218528
219179
219864
220522
221199
221913
222649
223382
224051
224704
225387
226100
226731
227442
228105
228786
229477
230195
230885
231600
232229
232946
233609
234281
234952
235661
236369
237033
237740
238434
239122
239807
240487
241200
241869
242570
243234
243923
244608
245325
246026
246711
247388
248102
248781
249435
250103
250801
251491
252174
252873
253562
254206
254935
255632
256322
257057
257691
258366
259064
259747
260470
261128
261741
262442
263130
263826
264520
265241