232
1560
2825
4023
5208
6484
7683
8908
10181
11365
12553
13830
15039
16256
17507
18684
19953
21156
22407
23620
24813
26012
27256
28484
29686
30909
32118
33351
34552
35736
36956
38173
39417
40594
41850
43053
44279
45487
46692
47898
49136
50312
51548
52771
53957
55205
56383
57587
58833
60070
61263
62487
63734
64934
66192
67387
68585
69793
70949
72162
73382
74583
75769
76962
78181
79352
80549
81762
83003
84166
85392
86581
87770
88936
90148
91377
92550
93748
94918
96109
97313
98469
99699
100908
102075
103292
104430
105605
106797
108018
109221
110412
111580
112769
113896
115103
116212
117410
118543
119719
120878
122074
123245
124420
125577
126728
127855
129059
130240
131422
132604
133763
134963
136112
137303
138455
139374