584
1275
1978
2629
3324
4025
4672
5400
6083
6745
7433
8143
8808
9523
10192
10927
11629
12362
13048
13734
14395
15094
15807
16543
17173
17884
18573
19251
19947
20653
21314
22015
22701
23426
24126
24805
25495
26202
26908
27606
28317
28969
29686
30409
31070
31789
32450
33190
33840
34568
35309
36031
36778
37497
38149
38879
39510
40221
40910
41609
42301
42999
43731
44375
45090
45841
46508
47145
47898
48619
49268
49990
50756
51486
52165
52894
53576
54256
54944
55635
56338
57063
57792
58419
59116
59813
60504
61200
61881
62592
63255
63985
64699
65406
66119
66770
67438
68119
68818
69502
70200
70889
71620
72283
72967
73680
74391
75139
75863
76622
77328
77985
78719
79452
80120
80825
81484
82217
82964
83592
84315
85012
85723
86447
87093
87806
88521
89262
90043
90782
91499
92152
92890
93591
94291
95041
95729
96481
97180
97884
98585
99311
100029
100744
101440
102179
102916
103639
104343
105062
105811
106534
107236
107997
108709
109426
110110
110824
111588
112306
112994
113769
114464
115154
115875
116620
117328
118052
118724
119435
120145
120889
121567
122269
122957
123649
124311
125025
125726
126427
127098
127801
128507
129193
129885
130627
131284
131994
132659
133423
134095
134745
135453
136150
136839
137551
138230
138926
139604
140300
140980
141635
142324
143019
143708
144407
145089
145782
146465
147153
147839
148533
149206
149887
150545
151299
151947
152619
153336
154034
154710
155380
156081
156742
157433
158115
158781
159540
160213
160921
161578
162284
162921
163631
164332
165067
165713
166392
167111
167781
168482
169175
169918
170549
171260
171984
172713
173426
174109
174812
175525
176217
176940
177668
178349
179046
179764
180487
181201
181858
182598
183320
184019
184737
185443
186170
186893
187628
188335
189046
189711
190455
191164
191883
192601
193324
193978
194712
195448
196141
196834
197608
198273
199046
199741
200432
201148
201864
202581
203322
204053
204808
205466
206180
206896
207667
208333
209035
209778
210482
211142
211865
212588
213327
214014
214775
215456
216186
216875
217576
218288
219016
219742
220462
221133
221905
222593
223292
224058
224754
225482
226233
226892
227584
228313
229029
229732
230474
231194
231884
232613
233324
234046
234796
235517
236151
236855
237575
238307
239056
239802
240514
241215
241924
242627
243341
244095
244837
245545
246248
246984
247785
248439
249116
249807
250522
251238
251969
252709
253415
254095
254823
255548
256279
257005
257710
258412
259120
259840
260576
261273
261996
262764
263422
264129
264823
265567
266319
267018
267726
268466
269213
269912
270638
271333
272040
272773
273489
274199
274907
275594
276319
277041
277757
278438
279137
279873
280595
281272
282006
282686
283431
284171
284908
285610
286316
287038
287733
288469
289211
289916
290619
291342
292041
292768
293472
294141
294912
295567
296305
296991
297714
298383
299103
299859
300580
301267
301985
302687
303389
304103
304838
305541
306261
307049
307735
308447
309145
309865
310578
311302
312001
312715
313448
314155
314840
315580
316284
317002
317689
318401
319108
319798
320492
321216
321931
322620
323320
324022
324700
325401
326106