329
1225
2076
2959
3795
4670
5557
6384
7241
8121
8966
9851
10718
11471
12351
13218
14050
14925
15718
16547
17401
18249
19067
19914
20733
21558
22392
23240
24104
24965
25791
26633
27460
28290
29152
30022
30841
31677
32517
33366
34216
35094
35929
36716
37582
38426
39274
40108
40948
41784
42624
43500
44364
45229
46103
46876
47718
48591
49429
50303
51156
51998
52850
53691
54513
55424
56229
57053
57900
58756
59537
60430
61294
62181
63069
63883
64715
65578
66444
67289
68117
68981
69819
70655
71516
72357
73162
74037
74898
75731
76549
77389
78207
79048
79899
80701
81522
82390
83274
84102
84905
85723
86544
87301
88096
88920
89744
90604
91466
92255
93082
93907
94736
95576
96427
97246
98113
98926
99749
100607
101403
102230
103049
103895
104755
105661
106550
107401
108234
109120
109963
110828
111652
112475
113339
114171
115012
115849
116708
117543
118390
119240
120062
120928
121753
122593
123403
124244
125101
125971
126811
127644
128457
129290
130125
130952
131786
132615
133482
134332
135172
136014
136876
137727
138594
139488
140294
141139
141945
142805
143660
144504
145363
146183
147065
147923
148778
149654
150516
151338
152178
153037
153892
154723
155585
156459
157278
158115