1177
1796
2436
3076
3758
4378
5017
5678
6318
7001
7664
8302
8942
9582
10224
10884
11566
12249
12890
13572
14192
14873
15514
16174
16878
17540
18180
18820
19504
20186
20825
21465
22064
22766
23385
24046
24750
25390
26053
26693
27290
27993
28676
29316
29893
30597
31258
31898
32560
33221
33924
34564
35226
35888
36526
37188
37870
38533
39194
39812
40473
41156
41817
42458
43118
43801
44441
45060
45742
46382
47065
47726
48389
49070
49710
50329
51012
51652
52313
52974
53616
54318
55022
55622
56281
56922
57561
58265
58906
59545
60229
60848
61509
62169
62830
63449
64174
64772
65434
66073
66713
67374
68058
68720
69380
70020
70638
71321
71982
72517
73220
73902
74542
75248
75908
76548
77168
77829
78489
79152
79770
80430
81092
81712
82393
83033
83674
84336
84974
85636
86297
86896
87578
88238
88878
89520
90181
90842
91460
92121
92782
93422
94062
94681
95321
95920
96644
97262
97902
98544
99225
99865
100526
101188
101829
102512
103150
103790
104409
105070
105710
106350
106990
107632
108313
108953
109593
110234
110894
111556
112174
112836
113477
114137
114756
115417
116036
116718
117380
118000
118660
119280
119961
120580
121241
121860
122542
123225
123822
124462
125124
125742
126362
126980
127684
128302
128942
129604
130265
130905
131566
132228
132846
133550
134169
134830
135493
136110
136772
137369
138094
138692
139354
139993
140654
141253
141934
142617
143257
143876
144516
145177
145817
146436
147076
147822
148441
149038
149701
150361
150960
151620
152281
152942
153582
154244
154841
155460
156100
156782
157422
158084
158766
159342
160025
160708
161284
161945
162606
163310
163908
164569
165230
165914
166510
167129
167769
168494
169093
169732
170372
171012
171653
172293
172953
173614
174276
174938
175598
176217
176878
177476
178137
178800
179438
180080
180741
181362
182000
182660
183300
183982
184622
185242
185924
186544
187204
187824
188505
189166
189785
190425
191065
191684
192345
192985
193626
194286
194906
195566
196228
196828
197488
198126
198788
199429
200110
200708
201349
202030
202672
203289
203929
204612
205209
205829
206510
207130
207769
208388
209006
209690
210308
210948
211609
212208
212868
213508
214148
214810
215449
216068
216708
217370
217988
218649
219268
219930
220592
221230
221870
222490
223150
223769
224430
225092
225689
226329
226990
227652
228250
228869
229529
230233
230830
231470
232112
232750
233433
234030
234692
235289
235950
236569
237209
237913
238532
239150
239769
240409
241070
241668
242350
242884
243609
244186
244868
245529
246169
246745
247449
248132
248729
249326
249968
250606
251268
251866
252505
253166
253764
254361
255001
255662
256261
256942
257562
258222
258862
259481
260100
260804
261380
261998
262640
263280
263897
264517
265156
265796
266414
267076
267758
268377
268996
269594
270297
270916
271577
272196
272857
273476
274074
274692
275353
275993
276612
277232
277892
278512
279108
279748
280368
281006
281648
282288
282948
283545
284164
284782
285436
286042
286702
287300
287940
288558
289200
289838
290457
291054
291694
292313
292953
293572
294212
294810
295450
296132
296729
297369
298009
298649
299310
299972
300590
301253
301870
302553
303152
303854
304494
305113
305753
306372
307054
307652
308292
308932
309552
310212