3877
4305
4965
5584
6247
6843
7483
8101
8741
9339
10000
10597
11259
11877
12517
13200
13861
14565
15227
15867
16549
17211
17895
18491
19131
19835
20455
21115
21733
22396
23099
23696
24315
24997
25659
26277
26939
27579
28197
28880
29499
30160
30821
31463
32103
32741
33381
34043
34684
35301
35963
36625
37349
37968
38545
39227
39847
40528
41148
41765
42469
43131
43813
44455
45073
45712
46353
47035
47655
48293
48977
49616
50235
50896
51515
52155
58215
58939
59600
60240
60880
61499
62181
62800
63399
64059
64720
65361
66000
66640
67301
67899
68583
69201
69927
70544
71184
71803
72485
73125
73727
74363
76432
77052
77712
78331
78971
79568
80251
80891
81531
82149
82768
83408
84027
84731
85328
85947
86588
87248
87867
88464
89061
89701
90343
90960
91579
92197
92901
93457
94160
95504
96231
96912
97573
98171
98832
99515
100133
100752
101415
102096
102715
103333
103996
104656
105253
105895
106576
107195
107835
108453
109052
109712
110332
110993
111675
112315
112935
113595
114257
114896
115537
116177
116859
117477
118117
118737
119397
120037
120679
121339
122000
122683
123281
123877
124539
125200
125799
126437
127099
127719
128400
128997
129637
130320
130960
131600
132240
132880
133520
134139
139536
140197
140860
141477
142119
142757
143419
144039
144656
145255
145916
146641
147237
147899
148560
149200
149840
150416
151079
151719
152357
152997
153659
154215
154875
155472
156113
156775
157435
158053
158715
159355
159995
160592
161253
161916
162533
163173
163813
164412
165115
165712
166373
166993
167611
168272
168848
169531
170149
170811
171408
172048
172688
173307
173968
174608
175227
175867
176508
177168
177788
178427
179045
179707
180347
180967
181648
182224
182885
183504
184188
184784
185424
186065
186705
187344
187941
188581
189243
189840
190480
191099
191761
192421
193019
193659
194320
194919
195579