933
1531
2171
2811
3387
4005
4624
5264
5904
6501
7099
7761
8336
8933
9531
10149
10789
11408
12069
12667
13285
13904
14544
15184
15781
16421
17061
17639
18256
18896
19495
20135
21499
22117
22737
23355
23975
24572
25191
25833
26449
27088
27685
28263
28923
29520
30181
30821
31420
32039
32741
33360
33957
34556
35195
35813
36412
37029
37669
38331
38907
39547
40145
40805
41424
42021
42641
43280
43857
44475
45136
45755
46353
46971
47632
48251
48869
49488
50149
50768
51408
52027
52645
53243
53819
54480
55120
55717
56336
56976
57573
58229
58832
59473
60069
60709
61287
61927
62567
63205
63803
64423
65041
65680
66299
66939
67557
68155
68775
69371
70011
70631
71249
71909
72507
73147
73788
74405
74981
75601
76197
76795
77415
78011
78631
79228
79909
80485
81061
81680
82320
82896
83536
84091
84709
85307
85947
86501
87099
87717
88293
88891
89467
90087
90704
91281
91899
92496
93093
93713
94311
94907
95504
96101
96677
97317
97893
98512
99109
99707
100263
100901
101477
102055
102629
103228
103824
104401
104997
105616
106213
106832
107387
107984
108560
109136
109733
110311
110907
111504
112123
112721
113296
113893
114448
115088
115728
116325
116967
117584
118117
118737
119377
119953
120507
121125
121701
122321
122897
123515
124133
124711
125307
125905
126523
127120
127739
128315
128891
129511
130107
130684
131259
131877
132475
133052
133648
134224
134821
135440
136059
136636
137232
137808
138469
139045
139600
140197
140775
141413
141989
142565
143207
143824
144359
144935
145552
146149
146725
147344
147964
148561
149136
149735
150352
150949
151505
152145
152784
153381
153936
154533
155195
155728
156305
156965
157584
158203
158844
159547
160165
160827
161424
162043
162663
163301
163877
164433
165031
165669
166267
166885
167504
168103
168720
169317
169872
170471
171109
171707
172327
172944
173521
174119
174716
175312
175888
176487
177104
177680
178277
178855
179408
180005
180583
181200
181820
182416
182993
183604
184144
184720
185339
185937
186513
187088
187664
188261
188839
189413
190011
190651
191248
191845
192443
193040
193637
194213
194811
195388
196048
196625
197221
197840
198417
198992
199592
200188
200828
201424
202000
202597
203195
203792
204347
204965
205563
206161
206759
207376
207952
208549
209125
209703
210341
210939
211493
212091
212645
213243
213840
214416
215056
215611
216187
216807
217381
217979
218555
219152
219749
220305
220903
221541
222117
222693
223291
223868
224487
225040
225637
226235
226768
227387
227967
228561
229159
229733
230331
230885
231483
232080
232656
233212
233808
234427
235004
235559
236135
236752
237329
237925
238523
239100
239717
240295
240912
241488
242085
242704
243280
243836
244412
245008
245584
246203
246800
247376
247952
248551
249168
249808
250320
250896
251559
252133
252688
253328
253925
254417
254972
255591
256229
256805
257339
257936
258491
259131
259707
260283
260880
261500
262075
262651
263207
263781
264379
264955
265595
266171
266725
267324
267963
268519
269093
269669
270267
270843
271463
272037
272635
273233
273829
274364
274981
275557
276133
276752
277328
277884
278480
279035
279655
280229
280828
281425
282000
282597
283195