2116
2734
3410
4100
4804
5465
6148
6852
7517
8196
8858
9540
10244
10926
11566
12250
12912
13593
14276
14958
15600
16260
16942
17626
18308
18990
19694
20356
21038
21594
22254
23024
23748
24452
25134
25817
26542
27184
27865
28569
29252
29936
30660
31300
31962
32645
33348
34010
34713
35376
36080
36784
37465
38148
38830
39513
40217
40878
41582
42222
42905
43588
44292
44910
45594
46297
47001
47705
48409
49049
49710
50393
51076
51801
52464
53168
53872
54532
55214
55897
56580
57262
57945
58606
59290
59993
60677
61360
62041
62704
63406
64089
64772
67524
68228
68932
69614
70254
70937
71620
72324
72985
73669
74372
75033
75737
76398
77104
77786
78468
79109
79813
80516
81262
81925
82629
83333
84014
84698
85358
86041
86724
87429
88110
88772
89434
90094
90757
91460
92142
92825
93508
94190
94916
95577
96260
96942
97646
98308
99034
99716
100356
101017
101742
102404
103086
103706
104409
105093
105776
106414
107076
107822
108505
109166
109850
110574
111236
111918
112601
113305
113925
114606
115269
115994
116654
117337
118020
118681
119365
120046
120729
121370
122074
122777
123481
124164
124805
125529
126212
126938
127577
128260
128921
129625
130286
130969
131630
132313
132974
133614
134318
134981
135641
136304
137006
137710
138372
139076
139758
140420
141060
141742
142404
143086
143748
144410
145113
145774
146457
147161
147801
148505
149188
149872
150532
151193
151813
152496
153156
153881
154565
155246
155909
156548
157252
157913
158596
159280
159982
160686
161326
162009
162692
163374
164078
164740
165380
166084
166724
167406
168069
168750
169454
170116
170757
171460
172144
172825
173529
174190
174830
175513
176196
176900
177544
178261
178905
179589
180292
180974
181616
182320
183001
183664
184345
185050
185732
186373
187076
187780
188420
189104
189806
190468
191150
191812
192494
193198
193838
194606
195226
195950
196590
197252
197934
198638
199321
199982
200666
201326
202010
202672
203374
204036
204697
205380
206041
206702
207364
208046
208688
209412
210030
210670
211376
212058
212740
213380
214084
214745
215449
216089
216773
217456
218116
218777
219460
220122
220804
221465
222148
222810
223472
224132
224814
225497
226137
226820
227481
228142
228825
229509
230190
230873
231536
232985
233625
234308
235012
235716
236357
237017
237742
238426
239129
239790
240494
241198
241840
242501
243246
243950
244592
245316
246000
246660
247342
248025
248709
249348
250030
250734
251417
252100