646
1780
2883
3988
5048
6125
7233
8327
9420
10437
11533
12595
13664
14733
15793
16842
17956
19001
20082
21199
22275
23378
24508
25577
26715
27778
28876
29989
31057
32160
33234
34310
35413
36508
37611
38689
39782
40893
41941
42988
44125
45140
46193
47367
48462
49517
50607
51673
52793
53857
54940
56023
57098
58170
59274
60239
61412
62517
63572
64635
65723
66792
67887
68869
70035
71114
72253
73284
74374
75479
76601
77677
78718
79838
80897
81968
83046
84137
85194
86261
87331
88433
89511
90580
91700
92749
93870
94937
96041
97116
98126
99165
100349
101444
102538
103617
104655
105769
106855
107931
109013
110078
111173
112259
113399
114419
115550
116648
117739
118794
119852
120978
122082
123165
124281
125392
126510
127600
128692
129823
130897
131978
133109
134196
135320
136412
137514
138578
139663
140727
141850
142937
144034
145105
146217
147266
148356
149392
150486
151554
152620
153688
154779
155859
156940
157991
159086
160121
161205
162306
163318
164439
165506
166545
167636
168694