1221
1873
2510
3149
3781
4384
4986
5631
6253
6875
7462
8074
8687
9298
9911
10549
11170
11775
12382
12996
13584
14197
14794
15419
16014
16617
17230
17857
18431
19103
19682
20313
20939
21545
22173
22766
23375
23987
24637
25219
25824
26434
27043
27645
28260
28866
29483
30100
30708
31304
31920
32535
33178
33774
34376
34978
35585
36260
36822
37442
38044
38656
39271
39882
40470
41091
41716
42306
42953
43564
44198
44791
45401
46000
46598
47211
47810
48429
49064
49631
50241
50862
51452
52118
52736
53317
53936
54559
55170
55780
56409
57001
57604
58212
58828
59424
60066
60659
61287
61865
62579
63164
63770
64332
64939
65532
66161
66828
67374
68110
68678
69289
69915
70494
71039
71662
72270
72905
73506
74108
74715
75339
75943
76559
77133
77741
78351
78951
79570
80151
80767
81356
81939
82578
83202
83783
84404
84999
85613
86238
86828
87451
88078
88646
89175
89865
90452
91060
91637
92196
92790
93405
94017
94603
95208
95810
96416
97047
97639
98226
98831
99489
100007
100638
101215
101794
102381
102984
103582
104175
104734
105323
105913
106485
107077
107651
108225
108795
109390
109968
110559
111158
111764
112330
112966
113559
114156
114753
115361
115936
116577
117164
117747
118406
118976
119536
120142
120735
121333
121908
122520
123107
123736
124323
124923
125503
126093
126713
127305
127930
128500
129111
129687
130264
130879
131483
132073
132684
133292
133889
134488