4816
5477
6160
6860
7527
8209
12560
13179
13819
14501
15205
15847
16549
17211
17895
18599
19301
19984
20668
21371
22759
23463
24165
24848
25489
26171
26832
27515
28219
28860
29520
30160
30821
31483
32187
32869
33573
34192
34939
35536
36219
36859
37543
38224
38949
39611
40251
40912
41553
42256
42940
43643
44325
45029
45712
46480
47141
47847
48507
49168
49829
50555
51216
51899
52583
53264
53925
54608
55249
55931
56613
57297
57959
58704
59365
60027
60731
61435
62117
62800
63441
64144
64785
65488
66085
66833
67472
68135
68775
69457
70160
70821
71483
72145
74343
74981
75664
76305
76965
77649
78331
78992
79591
80272
80933
81595
82277
82961
83621
84327
84965
85585
86245
86928
87612
88272
88933
89595
90213
90917
91580
92261
92903
93541
94203
94885
95568
96165
96848
97552
98171
98875
99515
100177
100817
101521
102160
102821
103461
104103
104827
105467
106128
106811
107451
108135
108775
109457
110119
110821
111440
112123
112763
113403
114085
114748
115387
116027
116709
117371
118053
118703
119376
120037
120720
121381
122043
122661
123303
124005
124645
125307
125969
126608
127313
127973
128615
129297
129979
130619
131301
132005
132603
133264
133925
134565
135249
135932
136571
137232
137893
138576
139237
139899
140560
141243
141883
142565
143164
143845
144549
145233
145851
146533
147175
147856
148497
149159
149819
150481
151120
151824
152487
153127
153787
154469
155109
155792
156411
157051
157713
158395
159056
159696
160380
161061
161724
162405
163067
163707
164347
165031
165692
166352
167013
167696
168315
168997
169701
170320
170960
171664
172287
172967
173605
174288
174928
175525
176208
176891
177531
178256
179003
179685
180368
180988
181628
182331
183056
183653
184293
184977
185681
186320
187003
187643
188368
189009
189648
190309
190951
191653
192336
192999
193723
194363
195003
195685
196348
197029
197691
198311
199035
199696
200315
200977
201701
202363
203024
203687
204347
205031
205691
206331
206951
207653
208272
208912
209573
210299
210875
211537
212197
212859
213499
214160
214757
215483
216103
216743
217403
218044
218705
219344
219987
220667
221307
221949
222587
223291
223952
224613
225275
225979
226640
227280
227963
228604
229221
229904
230544
231227
231888
232528
233148
233808
234491
235132
235792
236455
237115
237776
238416
239100
239781
240444
241104
241765
242341
243024
243685
244347
245009
245691
246309
246972
247612
248293
248955
249617
250277
250960
251580
252263
252901
253584
254183
254907
255548
256229
256827
257488
258151
258791
259493
260155
260816
261477
262096
262779
263397
264059
264721
265381
266021
266683
267365
268005
268647
269307
269968
270631
271312
271931
272572
273255
273893
274556
275196
275877
276539
277200
277840
278503
279143
279783
280444
281127
281787
282427
283067
283749
284355
285029
285649
286332
286971
287653
288315
288976
289611
290279
290939
291579
292240
292880
293520
294203
294864
295483
296165
296848
297447
298128
298748
299409
300048
300752
301393
302075
302693
303376
304037
304679
305276
305957
306577
307195
307921
310076
310695
311376
312037
312700
313361
314021
314663
315344
315964
316645
317264
317947
318608
319249
319909
320551
321296