2769
3411
3997
4562
5146
5725
6306
6883
7431
8011
8601
9209
9743
10329
10939
11475
12085
12717
13299
13898
14458
15075
15663
16283
16866
17461
18066
18618
19225
19801
20386
20954
21557
22187
22753
23371
23977
24554
25165
25738
26279
26862
27407
28011
28579
29167
29727
30306
30845
31410
31971
32557
33127
33666
34242
34798
35359
35939
36537
37101
37739
38347
38961
39570
40139
40714
41275
41858
42394
42994
43571
44118
44669
45285
45891
46474
47098
47705
48267
48853
49399
49970
50553
51133
51685
52269
52843
53401
54007
54603
55186
55786
56347
56946
57554
58097
58658
59285
59866
60443
60985
61590
62119
62682
63243
63878
64442
64995
65554
66113
66699
67251
67835
68397
68970
69549
70121
70705
71289
71971
72559
73198
73783
74365
74922
75510
76105
76662
77217
77781
78359
78938
79490
80082
80674
81294
81898
82501
83065
83638
84193
84786
85337
85922
86483
87061
87625
88189
88745
89322
89907
90478
91057
91637
92210
92778
93306
93917
94507
95117
95682
96297
96922
97537
98097
98666
99254
99827
100351
100949
101514
102125
102631
103250
103842
104434
105023
105662
106225
106817
107338
107898
108474
109042
109570
110195
110722
111339
111914
112505
113057
113643
114166
114773
115377
115966
116522
117121
117689
118274
118826
119418
119945
120518
121101
121678
122257
122846
123381
123938
124498
125074
125617
126197
126779
127379
127906
128489
129103
129733
130315
130946
131537
132131
132642
133186
133771
134355
134895
135462
136047
136634
137209
137817
138419
139062
139674
140253
140817
141381
141929
142533
143074
143669
144177
144731
145277
145842
146378
146987
147545
148147
148717
149266
149851
150413
150935
151482
152058
152601
153131
153686
154242
154813
155370
155931
156513
157067
157594
158165
158729
159262
159807
160378
160953
161497
162043
162586
163165
163725
164245
164805
165379
165938
166458
167034
167585
168142
168701
169246
169773
170350
170879
171438
171987
172533
173067
173645
174227
174770
175290
175827
176367
176922
177463
178043
178610
179162
179681
180242
180817
181378
181889
182478
183033
183555
184082
184635
185191
185729
186282
186825
187386
187957
188487
189027
189591
190142
190655
191241
191822
192371
192871
193419
193965
194538
195099
195666
196185
196753
197295
197869
198425
199035
199561
200086
200595
201145
201697
202279
202841
203387
203899
204433
204989
205533
206082
206621
207162
207707
208242
208798
209389
209899
210417
211003
211521
212081
212607
213159
213729
214267
214825
215357
215893
216435
216973
217534
218107
218635
219155
219715
220266
220797
221327
221890
222418
222953
223490
224050
224602
225141
225666
226233
226769
227310
227826
228369
228914
229437
229961
230514
231065
231618
232159
232706
233251
233781
234290
234859
235431
235931
236459
236995
237531
238097
238610
239166
239695
240217
240762
241299
241857
242422
242907
243465
244018
244562
245071
245601
246171
246729
247237
247789
248349
248853
249389
249906
250471
250977
251530
252097
252641
253186
253745
254323
254866
255418
255930
256513
257077
257587
258134
258709
259281
259821
260331
260899
261443
261997
262518
263081
263659
264187
264693
265277
265841
266317
266859
267429
267971
268546
269061
269618
270182
270717
271256
271789
272338
272862
273389
273938
274466
274995
275543
276093
276717
277194
277721
278290
278847
279389
279891
280453
281057
281571
282091
282653
283202
283757
284266
284819
285355
285913
286426
286994
287545
288061
288599
289125
289721
290261
290813
291390
291882
292417
292930
293494
294003
294546
295059
295589
296090
296606
297114
297651
298145
298685
299170
299709
300213
300721
301251
301754
302269
302794
303315
303826
304313
304858
305362
305857
306365
306901
307409
307914
308427
308931
309435
309993
310479
311018
311509
312034
312537
313089
313571
314085
314593
315145
315638
316190
316673
317179
317681
318211
318715
319219
319737
320258
320741
321259
321753
322285
322783
323297
323817
324342
324842
325345
325857
326370
326866
327402
327873
328406
328905
329434
329919
330437
330925
331453
331929
332443
332959
333453
333978
334506
335002
335499
336009
336521
337026
337510
338017
338545
339073
339571
340085
340587
341113
341627
342123
342645
343149
343651
344163
344693
345197
345677
346193
346721
347219
347723
348227
348737
349227
349753
350257
350753
351275
351771
352289
352782
353275
353805
354297
354803
355319
355850
356345
356878
357410
357954
358451
358946
359467
359979
360498
360995
361514
362029
362545
363070
363577
364089
364595
365102
365657
366173
366665
367161
367714
368253
368738
369258
369763
370267
370842
371369
371882
372409
372970
373443
373953