6089
6623
7198
7731
8307
8862
9459
9993
10591
11187
11763
12297
12915
13470
14069
14601
15199
15795
16393
16927
17525
18121
18697
19251
19827
20425
21022
21586
22153
22729
23326
23881
24457
25054
25630
26163
26782
27359
27955
28489
29086
29683
30259
30814
31411
31987
32543
33118
33715
34313
34911
35465
36041
36574
37193
37769
38345
38899
39475
40031
40627
41203
41779
42355
42933
43487
44085
44659
45235
45791
46346
46901
55411
55987
56501
57055
57630
58185
58718
59315
59849
60425
60981
61577
62153
62707
63262
63839
64415
64991
65566
66143
66741
67294
67891
68467
69045
69641
70175
70750
71370
71966
72521
73097
73673
74249
74803
75379
75977
76553
77129
77726
82462
82997
83571
84126
84681
85235
85749
86389
86942
87518
88094
88671
89225
89801
90377
90931
91486
92041
92617
93194
93769
94325
94899
95454
96031
96629
97225
97779
98335
98954
99529
100062
100639
101193
101791
102366
102942
103539
104115
104691
105246
105843
106419
106974
107529
108083
108639
109215
109811
110345
110901
111497
112073
112627
113203
113759
114334
114867
115443
115999
116595
117150
117683
118259
118835
119390
119946
120521
121098
121673
122227
122782
123379
123934
124467
125043
125599
126195
126729
127305
127861
128457
129011
129567
130185
130739
131295
131891
132467
133065
133619
134195
134793
135347
135966
136543
137097
137673
138229
138867
139401
139955
140531
141107
141705
142259
142793
143370
143945
144521
145055
145630
146165
146741
147295
147870
148425
149022
149577
150131
150687
151283
151838
152437
152969
153566
154122
154719
155295
155829
156405
157065
157622
158174
158709
159327
159861
160478
161013
161631
162227
162782
163337
163934
164511
165086
165641