1454
2116
2757
3397
4080
4697
5444
6105
6810
7449
8068
8750
9412
10094
10734
11397
12036
12720
13402
14085
14702
15419
16048
16729
17433
18053
18756
19396
20078
20718
21316
22020
22702
23364
24004
24644
25390
26030
26692
27374
28036
28697
29358
30000
30724
31321
32025
32644
33285
33966
34649
35312
35930
36590
37253
37893
38510
39278
39961
40581
41262
41924
42544
43225
43845
44505
45209
45870
46512
47961
48560
49264
49902
50564
51225
51908
52549
53232
53829
54468
55172
55876
56496
57156
57817
59225
59909
60612
61253
61893
62574
63237
63918
64560
65241
65881
66521
67182
67844
68590
69294
69925
70661
71342
72046
72708
73369
74009
74662
75353
76037
76677
77316
78020
78724
79344
80772
81518
82181
82862
83502
84185
84846
85508
86190
86852
87536
88174
88857
89540
90181
90864
91566
92228
92889
93593
94254
94896
95557
96238
96921
97584
98265
98990
99630
100334
100974
101700
102340
103001
103621
104304
104944
106350
107097
107758
108442
109081
109764
110406
111065
111748
112430
113113
113733
114373
115098
115716
116398
117102
118489
119236
119897
120560
121241
121902
122564
123246
123865
124548
125209
125872
126512
127216
127940
128601
129284
130009
130672
131376
132037
132697
133337
134021
134724
135385
136025
136708
137369
138030
138777
140185
140846
141572
142213
142938
143641
144260
144942
145561
146245
146928
147610
148334
148953
149616
150318
150980
151620
152282
152944
153604
154245
154906
155588
156206
156910
157550
158234
158853
159492
160133
160836
161497
162201
162821
163482
164121
164740
165360
166062
166661
167301
167982
168601
169241
169861
170521
171140
171780
172377
173060
173700
174340
175001
175641
176282
176921
177541
178181
178841
179460
180100
180782
181444
182062
182724
183385
183984
184622
185305
185945
186608
187225
187886
188549
189188
189785
190446
191065
191748
192368
193028
193689
194308
194885
195545
196186
196868
197466
198126
198766
199408
200026
200686
201328
201988
202628
203268
203886
204528
205188
205808
206425
207086
207748
208388
209049
209668
210308
210926
211609
212272
212868
213509
214168
214809
215393
216069
216729
217348
217968
218628
219226
219950
220569
221230
221870
222532
223150
223790
224452
225114
225774
226436
227054
227694
228356
229038
229657
230320
231001
231684