415
1163
1930
2591
3295
3958
4662
5366
6026
6709
7413
8075
8737
9482
10165
10847
11553
12234
12938
13578
14261
14922
15605
16266
16927
17610
18251
18933
19615
20277
20918
21621
22241
22923
23626
24287
24949
25610
26250
26911
27531
28191
28874
29558
30239
30881
31583
32245
32907
33589
34293
34933
35595
36255
36895
37558
38198
38922
39626
40287
40971
41759
42422
43105
43743
44383
45025
45706
46367
47050
47690
48373
49037
49717
50358
51018
51679
52319
53002
53643
54303
54966
55690
56373
57055
57738
58379
59041
59722
60362
61002
61663
62325
62986
63562
64223
64906
65589
66207
66869
67530
68191
68831
69514
70175
70815
71457
72138
72799
73418
74079
74742
75423
76063
76725
77386
78026
78667
79327
79989
80630
81290
81973
82634
83274
83935
84575
85215
85898
86539
87199
87861
88501
89162
89802
90463
91082
91722
92362
93045
93665
94325
94965
95626
96245
96927
97546
98230
98890
99530
100170
100853
101451
102133
102773
103413
104033
104714
105375
106015
106655
107338
107978
108639
109259
109878
110539
111199
111819
112479
113099
113759
114399
114997
115701
116341
116981
117642
118282
118943
119562
120202
120863
121525
122122
122783
123403
124085
124725
125386
126005
126666
127306
127946
128607
129269
129845
130485
131146
131807
132426
133066
133706
134305
135007
135605
136287
136949
137589
138229
138891
139530
140170
140831
141471
142133
142753
143413
144075
144737
145375
146037
146634
147295
147935
148597
149215
149898
150538
151157
151798
152458
153077
153759
154421
155061
155658
156298
156917
157535
158218
158879
159541
160202
160779
161461
162101
162762
163359
163978
164661
165281
165962
166561
167221
167883
168501
169119
169739
170378
171061
171679
172341
172981
173599
174218
174837
175477
176097
176694
177354
177995
178655
179275
179935
180575
181194
181791
182454
183114
183734
184351
184971
185610
186207
186847
187510
188170
188790
189429
190047
190710
191329
191989
192607
193269
193866
194506
195125
195786
196383
197002
197642
198303
198922
199605
200223
200863
201482
202143
202805
203423
204021
204682
205346
205983
206561
207263
207903
209205
209846
210485
211105
211765
212383
213023
213685
214303
214987
215605
216245
216842
217483
218123
218742
219381
220063
220577
221302
221878
222538
223157
223775
224415
225098
225738
226358
226997
227615
228235
228895
229535
230154
230794
231434
232053
232671
233290
233931
234591
235211
235871
236470
237087
237727
238346
238987
239606
240266
240885
241525
242143
242783
243403
244021
244639
245279
245899
246559
247199
247818
248415
249034
249653
250285
250911
251573
252150
252767
253386
254005
254623
255242
255883
256501
257098
257718
258335
258997
259594
260191
260831
261429
262070
262709
263327
263946
264565
265226
265845
266442
267039
267658
268277
268895
269515
270133
270837
271455
272033
272715
273354
273994
274591
275210
275873
276490
277089
277749
278410
279029
279627
280266
280970
281569
282165
282826
283445
284085
284682
285301
285942
286581
287157
287818
288459
289077
289675
290314
290954
291573
292170
292831
293451
294111
294687
295306
295905
296522
297141
297761
298378
299018
299637
300213
300853
301451
302047
302709
303263
303903
304502
305141
305738
306378
306975
307637
308235
308831
309450
310111
310730
311327
311925
312565
313162
313718
314357
314998
315573
316234
316811
317471
318091
318666
319306
319925
320502
321141
321738
322357
322955
323531
324170
324789
325450
326069
326666
327286
327905
328543
329163
329759
330443
331041
331617
332255
332917
333578
334154
334751
335455
336053
336629
337226
337889
338506
339105
339702
340386
340981
341579
342197
342858
343455
344054
344671
345290
345931
346527
347167
347765
348341
348961
349622
350241
350815
351457
352074
352693
353311
353930
354506
355126
355743
356341
356959
357537
358175
358794
359391
360031
360651
361247
361866
362485
363103
363701
364278
364897
365535
366133
366773
367349
367946
368565
369206
369823
370442
371082
371658
372277
372875
373514
374113
374751
375371
375990
376586
377226
377823
378465
379082
379722
380299
380939
381558
382197
382838
383414
384074
384693
385270
385866
386485
387103
387743
388362
388959
389558
390198
390817
391434
392033
392671
393247
393866
394443
395061
395702
396321
396895
397493
398090
398687
399306
399925
400481
401141
401717
402293
402915
403510
404127
404725
405343
405963
406561
407179
407818
408395
408971
409589
410187
410806
411403
411999
412618
413238
413835
414411
415050
415669
416309
416907
417483
418079
418719
419275
419914
420511
421089
421749
422346
422923
423541
424159
424779
425377
425974
426614
427210
427786
428405
429002
429621
430219
430837
431435
432054
432630
433247
433887
434485
435103
435722
436319
436917
437557
438134
438710
439327
439903
440501
441121
441717
442335
442933
443489
444129
444725
445322
445919
446495
447114
447690
448309
448927
449503
450122
450719
451318
451914
452511
453131
453727
454303
454943
455541
456097
456735
457377
457994
458591
459210
459786
460363
460959
461579
462261
462858
463413
464053
464671
465953