11110
11742
12340
12929
13501
14120
14716
15309
15894
16497
17086
17694
18244
18850
19461
20030
20628
21266
21846
22445
23065
23640
24260
24846
25440
26041
26629
27256
27873
28462
29072
29689
30282
30902
31518
32176
32752
33325
33904
34564
35152
35780
36377
36990
37573
38174
38757
39376
39958
40560
41172
41765
42344
42942
43554
44197
44740
45377
45966
46560
47133
47758
48317
48945
49520
50113
50690
51304
51902
52497
53086
53673
54254
54873
55453
56050
56646
57238
57821
58453
59028
59622
60212
60842
61437
62029
62630
63246
63822
64440
65012
65641
66220
66806
67424
68022
68605
69210
69814
70405
70998
71600
72156
72765
73356
74016
74576
75174
75760
76384
76989
77582
78173
78768
79397
79977
80540
81158
81749
82336
82916
83488
84093
84720
85322
85922
86517
87121
87693
88282
88854
89470
90072
90678
91278
91890
92506
93116
93728
94328
94934
95572
96166
96766
97341
97960
98590
99192
99780
100430
101040
101613
102244
102878
103492
107463
108054
108645
109236
109852
110436
111016
111573
112134
112680
113264
113840
114428
114982
115549
116118
116694
117250
117849
118388
118966
119530
120108
120712
121228
121814
122378
122958
123494
124077
124646
125210
125752
126312
126872
127436
127984
128526
129106
129686
130197
130768
131318
131869
132429
133000
133570
134133
134704
135273
135837
136405
136984
137540
138092
138654
139212
139788
140390
140940
141505
142072
142641
143214
143765
144341
144929
145490
146049
146596
147184
147773
148336
148890
149437
150038
150622
151182
151750
152354
152900
153482
154062
154637
155192
155765
156352
156900
157481
158061
158638
159212
159808
160360
160940
161510
162089
162645
163229
163804
164366
164933
165502
166093
166646
167280
167865
168429
168976
169544
170136
170742
171253
171832
172430
172966
173508
174056
174640
175194
175725
176282
176877
177453
177989
178560
179145
179708
180206
180764
181325
181886
182400
182952
183533
184094
184624
185214
185760
186325
186897
187450
188014
188596
189117
189641
190214
190754
191304
191844
192382
192954
193472
194044
194548
195126
195654
196205
196769
197338
197841
198414
198962
199537
200037
200581
201141
201717
202221
202764
203305
203860
204368
204941
205502
206045
206557
207110
207665
208185
208721
209266
209800
210357
210870
211414
211964
212532
213064
213614
214126
214648
215217
215757
216297
216850
217365
217909
218480
219020
219560
220081
220673
221205
221744
222260
222830
223364
223925
224485
225056
225590
226096
226658
227224
227733
228256
228820
229373
229968
230480
230988
231576
232085
232620
233182
233734
234274
234760
235302
235853
236381
236893
237469
238013
238532
239046
239584
240144
240669
241184
241740
242280
242860
243374
243885
244416
244980
245489
246037
246597
247150
247656
248226
248758
249304
249821
250384
250920
251430
251944
252468
253016
253566
254100
254609
255208
255693
256213
256736
257280
257804
258326
258888
259440
259950
260452
260986
261565
262082
262597
263152
263672
264189
264706
265204
265732
266276
266776
267309
267862
268372
268896
269421
269941
270454
270985
271500