783
1434
2122
2859
3549
4235
4909
5609
6293
6947
7671
8323
9023
9725
10391
11102
11819
12547
13219
13933
14613
15289
15959
16697
17330
18011
18723
19366
20050
20715
21475
22189
22893
24403
25091
25741
26414
27105
27821
28482
29147
29822
30503
31154
31826
32509
33210
33915
35367
35979
36687
37371
38027
38707
39375
40054
40707
41346
42031
42685
43363
46257
46927
47603
48273
48930
49593
50266
50955
51621
52251
52965
53653
54357
55009
55709
57119
57821
58525
59179
59850
60501
61161
61851
62519
63213
63893
64533
65187
65843
66539
67210
67859
70609
71290
71987
72707
73349
74017
74715
75379
76034
76689
77410
78087
78739
81561
82267
82925
83578
84237
84918
85593
86286
86962
87595
88281
88971
89669
90366
91067
92446
93114
93787
94491
95123
95821
96525
97210
97858
98547
99225
99963
100605
101273
101954
103375
104123
104767
105437
106033
106715
107401
108065
108723
109413
110082
110749
111450
112094
112789
114227
114979
115651
116321
116981
117655
118325
118985
119673
120290
120989
121642
122322
122985
123651
124282
124942
125615
126285
126943
127602
128271
128933
129569
130251
130877
131565
132223
132894
133546
134206
134843
135478
136153
136828
137403
138063
138790
139421
140075
140723
141358
142017
142678
143371
144025
144643
145306
145970
146619
147274
147923
148602
149259
149929
150578
151210
151850
152489
153138
153809
154470
155107
155758
156402
157043
157697
158337
159002
159618
160303
160958
161603
162245
162929
163571
164239
164885
165521
166165
166827
167474
168111
168761
169399
170062
170721
171385
172002
172669
173299
173978
174618
175250
175903
176563
177222
177849
178498
179139
179794
180466
181091
181705
182353
182985
183667
184299
184961
185602
186242
186899
187522
188165
188835
189445
190097
190774
191401
192045
192649
193314
193955
194605
195249
195883
196546
197179
197829
198506
199127
199765
200399
201078
201679
202342
202981
203595
204250
204942
205561
206203
206826
207474
208154
208782
209457
210109
210773
211441
212047
212717
213369
214027
214665
215317
215954
216637
217293
217955
218667
219282
219931
220579
221245
221909
222529
223213
223866
224506
225162
225818
226450
227131
227766
228443
229115
229769
230433
231130
231802
232494
233131
233778
234521
235166
235805
236493
237215
237845
238463
239141
239849
240499
241106
241770
242514
243177
243770
244443
245143
245810
246439
247157
247879
248606
249281
250722
251481
252173
252835
253458
254105
254757
255411
256077
256722
257381
258063
258723
259359
259969
260615
261238
261915
262597
263231
263902
264555
265218
265866
266497
267081
267779
268403
269046
269739
270362
271005
271626
272315
272979
273651
274285
274891
275521
276195
276829
277466
278090
278739
279355
280010
280650
281309
281950
282605
283245
283871
284507
285186
285822
286475
287121
287727
288385
289035
289699
290323
290970
291602
292243
292890
293561
294186
294821
295453
296066
296722
297354
297997
298653
299299
299949
300551
301203
301826
302449
303106
303745
304402
305010
305649
306277
306954
307533
308195
308862
309507
310157
310777
311411
312027
312650
313314
313962
314617
315235
315898
316546
317130
317763
318387
319018
319635
320274
320919
321563
322210
322875
323539
324177
324810
325473
326157
326803
327481
328117
328763
329395
330065
330715
331386
332050
332711
333378
334041
334677
335313
335994
336661
337274
337959
338619
339274
339915
340562
341197
341850
342491
343203
343913
344559
345185
345867
346563
347199
347843
348499
349243
349866
350518
351179
351869
352495
353130
353801
354507
355171
355790
356473
357194
357839
358467
359155
359873
360511
361130
361837
362618
363321
364014
365386
366117
366787
367435
368103
368719
369390
370045
370705
371329
372021
372651
373298
373963
374605
375267
375919
376577
377217
377851
378527
379195
379841
380465
381139
381773
382415
383107
383759
384357
384991
385646
386290
386955
387579
388253
388895
389506
390187
390822
391487
392130
392786
393426
394098
394745
395393
396010
396661
397321
397986
398610
399290
399898
400577
401210
401859
402474
403193
403817
404451
405082
405703
406338
407002
407677
408330
408971
409610
410229
410890
411571
412194
412854
413474
414101
414777
415381
416049
416749
417417
418133
418829
419518
420175
420854
421543
422227
422938
423610