2885
3499
4139
4779
5426
6082
6733
7401
8065
8731
9354
9966
10643
11285
11905
12558
13181
13843
14466
15085
15730
16366
17034
17667
18259
18915
19543
20182
20826
21437
22103
22702
23385
24051
24707
25310
25943
26582
27234
27829
28515
29171
29783
30450
31075
31705
32353
32982
33633
34258
34903
35486
36141
36766
37327
37997
38650
39293
39903
40537
41171
41795
42425
43058
43663
44325
44931
45586
46195
46842
47441
48086
48714
54035
54605
55262
55874
56482
57114
57791
58419
59029
59697
60293
60971
61618
62265
62890
63525
64157
64782
65411
66066
66701
67322
67938
68594
69219
69853
70475
71081
71718
72370
72987
73597
74250
74913
75511
76157
76782
77403
78027
78634
79283
79901
80535
81155
81798
82433
83065
83651
84315
84921
85571
86210
86819
87459
88111
88754
89365
89965
90597
91201
91838
92453
93090
93719
94354
94990
95666
96237
96909
97507
98130
98765
99379
100010
100621
101233
101863
102442
103158
103791
104446
105025
105677
106301
106919
107521
108189
108803
109467
110090
110709
111305
111930
117206
117870
118525
119137
119782
120398
121037
121673
122290
122934
123573
124223
124850
125522
126167
126845
127442
128078
128723
129334
129990
130591
131227
131838
132450
133087
133717
134397
135017
135605
136218
136839
137434
138057
138650
139265
139885
140511
141094
141694
142317
142922
143517
144135
144734
145342
145934
146583
147139
147718
148341
148919
149541
150153
150766
151374
151971
152582
153190
153763
154398
154987
155562
156201
156765
157367
157978
158563
159162
159783
160371
160967
161563
162141
162743
163339
163930
164507
165118
165727
166326
166907
167498
168113
168710
169301
169899
170494
171078
171662
172259
172862
173459
174046
174630
175222
175814
176406
176998
177606
178197
178787
179411
180013
180609
181183
181781
182407
183019
183653
184250
184827
185483
186103
186666
187279
187875
188533
189117
189715
190349
191009
191589
192197
192821
193441
194014
194629
195271
195879
196475
197079
197690
198351
198895
199599
200195
200803
201390
202693
203258
203889
204506
205125
205678
206247
206822
207415
208029
208597
209211
209793
210394
211013
211605
212195
212798
213397
213987
214614
215195
215763
216370
216959
217515
218167
218739
219366
219947
220559
221177
221757
222358
222933
223535
224127
224701
225301
225921
226511
227102
227655
228278
228907
229482
230101
230682
231285
231839
232471
233034
233631
234218
234819
235387
235999
236562
237149
237766
238349
238931
239535
240109
240711
241322
241982
242550
243151
243763
244371
244994
245558
246121
246749
247325
247910
248534
249133
249735
250333
250930
251527
252085
252678
253270
253861
254419
255046
255645
256205
256791
257395
257985
258587
259786
260391
261005
261569
262146
262733
263334
263919
264503
265086
265659
266245
266830
267413
268022
268593
269154
269750
270299
270879
271453
272037
272615
273199
273789
274369
274946
275537
276095
276663
277250
277855
278421
279031
279558
280134
280758
281334
281886
282493
283035
283633
284194
284798
285418
285949
286543
287137
287709
288269
288874
289473
290046
290637
291194
291797
292338
292921
293501
294071
294693
295261
295853
296438
296982
297623
298270
298851
299437
300030
300661
301303
301849
302433
303039
303630
304251
304862
305491
306087
306666
307295
307885
308494
309066
309669
310275
310897
311465
312065
312702
313303
313859
314486
315075
315677
316266
317509
318085
318679
319259
319837
320410
321005
321577
322158
322749
323333
323939
324525
325094
325686
326259
326854
327411
328021
328606
329193
329778
330375
330946
331501
332130
332734
333314
333837
334441
335014
335622
336203
336837
337465
338091
338670
339245
339846
340465
341054
341674
342299