1119
2193
3277
4416
5495
6587
7704
8808
9875
10991
12051
13169
14196
15359
16456
17560
18649
19780
20821
21896
22973
24083
25129
26257
27347
28483
29535
30616
31744
32807
33925
34992
36097
38328
39461
40555
41671
42707
43824
44911
45992
47115
48208
49291
50341
51465
53701
54856
55911
56985
58089
59175
60240
61328
62405
64627
65799
66849
67944
68996
70079
71180
72264
73404
74504
75539
76599
77696
79937
81099
82197
83339
84408
85504
86625
87720
88796
89884
91008
92096
93193
94291
95385
96465
97553
98656
99776
100888
101960
103039
104144
105224
106313
107380
108495
109580
110671
111804
112837
113977
115079
116152
117291
118353
119415
120544
121681
122784
123867
124960
126033
127111
128216
129292
130377
131511
132608
133676
134783
135880
137003
138085
139171
140281
141387
142488
143568
144664
145744
146807
147904
149020
150096
151185
152280
153359
154467
155559
156627
157743
158824
159917
160992
162109
163168
164263
165393
166445
167553
168672
169808
170877
171944
173088
174140
175255
176331
177428
178496
179573
180641
181761
182827
183928
185035
186127
187200
188313
189393
190480
191583
192655
193763
194823
195923
196957
198075
199193
200267
201356
202481
203533
204609
205711
206780
207913
208969
210077
211131
212264
213361
214463
215544
216601
217755
218797
219912
220997
222091
223193
224243
225335
226425
227505
228616
229711
230785
231857
232936
234040
235116
236189
237299
238371
239467
240524
241625
242721
243827
244883
245992
247039
248103
249199
250272
251373
252432
253508
254595
255664
256752
257840
258913
259960
261087
262209
263272
264332
265427
266511
267599
268696
269776
270871
271953
272997
274103
275149
276265
277359
278431
279529
280611
281693
282809
283887
284969
286061
287145
288235
289355
290473
291511
292608
293689
294800
295896
296975
298065
299173
300243
301311
302395
303505
304612
305657
306764
307837
308939
310025
311147