386
1077
1733
2414
3090
3735
4386
5077
5726
6373
7034
7679
8329
9003
9625
10323
10961
11563
12211
12913
13570
14206
14902
15530
16187
16814
17481
18135
18803
19411
20118
20726
21398
22031
22722
23366
24066
24670
25313
25997
26611
27235
27915
28587
29230
29878
30542
31190
31853
32463
33142
33774
34406
35085
35730
36367
37042
37695
38321
38987
39662
40302
40954
41599
42243
42858
43570
44166
44778
45397
46114
46758
47402
48019
48709
49375
50069
50647
51334
52006
52570
53238
53906
54558
55227
55837
56502
57155
57789
58485
59115
59751
60393
61047
61697
62333
62969
63646
64293
64933
65574
66182
66850
67501
68138
68810
69475
70119
70763
71415
72046
72713
73330
73997
74647
75381
75957
76522
77178
77843
78490
79163
79813
80477
81138
81757
82389
83046
83682
84319
84981
85622
86291
86931
87565
88247
88885
89571
90147
90747
91413
92077
92717
93363
94011
94670
95294
95934
96581
97237
97886
98557
99162
99823
100494
101141
101769
102437
103093
103733
104373
105041
105686
106343
106978
107606
108221
108885
109509
110183
110829
111478
112115
112755
113402
114038
114694
115371
115985
116630
117291
117959
118594
119227
119858
120551
121130
121821
122461
123126
123761
124430
125051
125685
126395
126989
127606
128293
128923
129595
130194
130846
131509
132199
132801
133405
134074
134750
135373
136006
136653
137311
137915
138539
139186
139865
140499
141166
141782
142419
143094
143710
144365
145017
145629
146309
146947
147555
148189
148839
149459
150087
150737
151382
152013
152654
153273
153895
154522
155179
155815
156445
157059
157726
158377
159019
159686
160313
160953
161595
162235
162903
163517
164191
164842
165475
166115
166781
167418
168029
168678
169325
169987
170619
171257
171918
172529
173133
173821
174455
175109
175751
176365
177027
177649
178299
178945
179578
180261
180879
181525
182121
182771
183401
184050
184675
185322
185950
186562
187205
187854
188477
189093
189725
190377
191021
191649
192269
192929
193549
194182
194821
195490
196119
196726
197391
197971
198630
199253
199886
200506
201114
201765
202390
202989
203662
204242
204858
205507
206150
206786
207423
208061
208703
209306
209963
210587
211239
211874
212470
213106
213766
214366
214998
215589
216206
216873
217470
218074
218718
219390
220023
220658
221310
221957
222581
223163
223794
224417
225081
225693
226371
226971
227614
228243
228863
229489
230098
230725
231349
231978
232623
233225
233885
234490
235147
235753
236391
237013
237571
238285
238901
239546
240151
240781
241438
242049
242646
243285
243855
244485
245079
245678
246255
246881
247474
248075
248679
249294
249909
250506
251151
251773
252378
252963
253563
254145
254747
255299
255919
256530
257118
257690
258311
258897
259503
260090
260702
261322
261958
262539
263141
263781
264415
264995
265639
266275
266879
267474
268093
268705
269330
269962
270559
271173
271814
272403
273027
273638
274251
274874
275511
276123
276746
277354
278015
278613
279246
279910
280523
281149
281751
282365
282991
283586
284237
284834
285455
286053
286725
287267
287877
288478
289106
289725
290341
290722
291593
292178
292813
293437
294062
294749
295310
295942
296566
297179
297814
298418
299061
299653
300302
300906