1847
2457
3117
3726
4334
4954
5613
6246
6859
7474
8129
8745
9389
9962
10607
11214
11827
12463
13143
13751
14382
15006
15637
16262
16878
17502
18149
18770
19371
20022
20671
21294
21902
22554
23183
23790
24437
25047
25734
26295
26903
27545
28206
28802
29390
30033
30678
31295
31879
32503
33134
33778
34425
35041
35669
36275
36882
37535
38117
38770
39381
40014
40651
41247
41855
42466
42813
43710
44398
45002
45599
46283
46903
47591
48183
48798
49454
50065
50709
51306
51917
52543
53181
53798
54422
55057
55675
56097
56975
57593
58229
58847
59483
60110
60751
61351
61975
62622
63222
63862
64502
65145
65747
66402
67014
67625
68271
68913
69525
70189
70806
71426
72087
72719
73343
73987
74621
75241
75862
76534
77151
77753
78391
79026
79637
80254
80879
81538
82142
82799
83429
84038
84687
85335
87423
88185
88846
89530
90182
90865
91510
92127
92735
93401
94039
94689
95285
95942
96557
97170
97801
98441
99081
99710
100295
100941
101613
102221
102878
103458
104086
104687
105310
105951
106590
107226
107851
108486
109126
109734
110334
110974
111646
112239
112838
113521
114142
114778
115358
115983
116638
117273
117883
118577
119231
120527
121175
121830
122467
123055
123646
124303
124955
125589
126195
126853
127501
128107
128737
129410
130061
130674
131318
132010
132718
133306
133933
134582
135203
135767
136503
137143
137766
138411
139011
139665
140301
140962
143614
144375
145053
145698
146381
147075
147685
148361
148990
149639
150310
150906
151533
152185
152854
153447
154086
154734
155331
156013
156627
157265
157905
158511
159189
159799
160454
161066
161630
162313
162913
163561
164179
164823
165511
166130
166718
167345
167993
168642
169229
169889
170582
171143
171750
172401
173019
173655
174245
174919
175549
176162
176777
177418
178047
178671
179310
179949
180598
181201
181869
182489
183150
183819
184403
185047
185731
186343
186957
187591
188250
188895
189529
190165
190815
191441
192077
192703
193397
194030
194655
195274
195941
196587
197249
197902
198553
199153
199798
200446
201142
201794
202387
203055
203703
204318
204941
205630
206285
206922
207546
208166
208846
209417
210101
210759
211402
212007
212654
213326
213958
214530
215246
215898
216485
217118
217779
218422
219063
219710
220355
221015
221655
222289
222887
223513
224159
224757
225433
226074
226726
227409
228029
228639
229267
229937
230577
231207
231845
232506
233127
233781
234426
235033
235673
236266
236901
237578
238201
238807
239427
240065
240703
241398
242077
242689
243350
244011
244655
245286
245901
246577
247271
247855
248485
249135
249802
250439
251053
251719
252389
253055
253679
254329
254934
255609
256254
256911
257502
258249
258862