1093
1750
2410
3097
3746
4423
5074
5775
6450
7123
7797
8449
9109
9802
10469
11167
11814
12486
13146
13879
14518
15191
15837
16542
17226
17881
18554
19231
19910
20559
21222
21905
22557
23263
23915
24565
25225
25947
26646
27295
44723
45429
46150
46838
47509
48243
48902
49613
50259
50974
51663
52326
52991
53735
54418
55101
55803
56513
57163
57846
58531
59235
59893
60582
61269
61967
62663
63335
64011
64694
65382
66041
66725
67445
68107
68786
69446
70151
70846
71511
72165
72839
73515
74201
74869
75585
76251
76909
77610
78258
78939
79621
80315
81001
81654
82342
83003
83703
84387
85030
85675
86365
87033
87761
88419
89141
89770
90454
91125
91841
92517
93166
93827
94485
95218
95850
96547
97241
97909
98563
99270
99935
100598
101277
101950
102631
103298
103985
104669
105321
106007
106679
107366
108021
108722
109342
110003
110730
111386
112038
112709
113431
114069
114710
115375
116046
116711
117399
118075
120929
121589
122273
122955
123631
124291
124991
125646
126327
127002
127678
128341
129029
129699
130415
131085
131751
132430
133142
133774
134445
135085
135822
136450
137102
137733
138466
139107
139817
140467
141143
141826
142487
143182
143854
144534
145181
145923
146565
147225
147905
148589
149263
149890
150549
151215
151889
152571
153211
153869
154549
155262
155974
158159
158819
159487
160139
160841
161535
162213
162891
163623
164295
165023
165658
166373
167053
167750
168390
169075
169774
170454
171107
171817
172509
173161
173813
174518
175214
175881
176554
177253
177983
178634
179279
179975
180646
181379
182018
182742
183427
184127
184827
185498
186222
186910
187598
188293
189014
189678
190331
191033
191683
192414
193050
193767
194451
195123
195815
196533
197219
197891
198539
199247
199951
200630
201298
201977
202653
203358
204013
204721
205417
206150
206813
207526
208207
208911
209557
210246
210939
211623
212299
212981
213666
214350
215005
215702
216414
217105
217775
218498
219155
219862
220501
221206
221917
222591
223245
223941
224665
225319
225966
226663
227363
228047
228693
229407
230090
230749
231422
232134
232839
233481
234159
234869
235558
236198
236843
237541
238242
238929
239566
240219
240950
241559
242263
242925
243643
244289
244958
245647
246355
247073
247702
248405
249059
249733
250405
251094
251765
252417
253094
253790
254474
255166
255838
256519
257270
257913
258542
259229
259950
260638
261257
261969
262667
263317
263990
264667
265374
266015
266686
267359
268054
268719
269415
270095
270774
271457
272093
272775
273454
274111
274806
275477
276139
276827
277514
278182
278855
279518
280214
280863
281559
282229
282869
283537
284222
284897
285541
286199
286902
287583
288245
288945
289611
290261
290915
291599
292306
292935
293623
294285
294967
295623
296259
296954
297622
298309
298941
299629
300310
300951
301631
302302
303002
303698
304317
305013
305677
306359
306983
307661
308314
309006
309675
310355
311011
311701
312347
313077
313733
314415
315062
315767
316402
317111
317738
318422
319150
319785
320421
321097
321765
322449
323075
323766
324475
325122
325758
326439
327107
327799
328422
329129
329827
330481
331141