318
1178
2038
2892
3705
4582
5414
6253
7104
7912
8772
9592
10445
11304
12161
13006
13874
14729
15597
16430
17251
18094
18941
19767
20607
21479
22305
23127
24001
24846
25675
26560
27412
28319
29126
29992
30838
31718
32532
33376
34236
35053
35931
36783
37627
38469
39337
40118
40952
41814
42669
43545
44369
45193
46045
46927
47711
48585
49421
50280
51136
51970
52789
53677
54522
55362
56217
57030
57885
58736
59565
60389
61240
62086
62900
63742
64590
65467
66301
67129
67991
68830
69680
70516
71354
72199
73045
73950
74782
75603
76440
77258
78106
78989
79809
80667
81555
82389
83219
84053
84869
85728
86584
87457
88335
89199
90011
90901
91747
92598
93436
94276
95139
95976
96834
97641
98501
99387
100231
101083
101916
102778
103638
104472
105318
106170
107072
107930
108780
109628
110471
111333
112183
113042
113884
114734
115598
116436
117281
118119
118965
119823
120664
121521
122381
123228
124046
124873
125737
126606
127437
128244
129109
129969
130818
131655
132495
133348
134178
135031
135911
136734
137619
138437
139291
140115
140938
141808
142721
143554
144399
145200
146080
146944
147792
148658
149530
150328
151146
152025
152877
153718
154564
155424
156218
157048
157904
158666
159484
160285
161100
161897
162666
163443
164254
165016
165796
166622
167415
168234
168997
169810
170599
171375
172179
172962
173774
174576
175338
176152
176914
177700
178507
179263
180060
180811
181571
182355
183218
183985
184749
185567
186275
187078
187860
188680
189453
190207
190989
191699
192535
193296
194063
194831
195623
196403
197166
197932
198763
199523
200286
201055
201823
202580
203365
204141
204872
205662
206419
207190
207940
208714
209482
210258
211012
211770
212539
213317
214078
214851
215600
216369
217201
218001
218811
219560
220319
221085
221859
222592
223375
224163
224913
225698
226461
227216
227989
228759
229535
230268
231016
231755
232534
233291
234061
234816
235586
236344
237100
237850
238582
239402
240093
240894
241669
242424
243149
243904
244657
245392
246167
246909
247613
248362
249124
249896
250671
251423
252177
252932
253734
254468
255181
255946
256739
257480
258243
258962
259725
260481
261237
261994
262768
263518
264231
265031
265982
266829
267639
268499
269414
270287
271170
272006
272868
273754
274629
275503
276370
277231
278138
278973
279840