8083
8554
9059
9550
10003
10482
10934
11434
11905
12386
12882
13338
13801
14269
14762
15227
15707
16197
16673
17126
17594
18051
18503
18995
19479
19950
20455
20906
21335
21805
22281
22757
23191
23675
24146
24602
25067
25530
26039
26482
26943
27402
27865
28322
28779
29266
29754
30203
30689
31178
31674
32113
32553
33034
33490
33939
34419
34929
35383
35858
36337
36837
37289
37787
38255
38742
39239
39707
40171
40643
41090
41613
42085
42562
43021
43494
43986
44469
44897
45387
45863
46398
46845
47325
47795
48275
48731
49195
49730
50231
50731
51234
51673
52170
52658
53098
53554
54069
54554
55051
55537
55955
56495
56971
57449
57978
58481
58914
59391
59893
60375
60875
61315
61810
62267
62781
63237
63703
64173
64641
65155
65661
66082
66597
67106
67611
68074
68573
69042
69522
70047
70465
70951
71437
71881
72355
72831
73322
73842
74318
74791
75277
75797
76245
76703
77157
77649
78161
78641
79077
79617
80107
80587
81046
81521
82002
82463
82957
83439
83921
84379
84821
85271
85750
86199
86677
87163
87579
88042
88505
88963
89411
89905
90402
90907
91338
91809
92283
92730
93187
93655
94154
94607
95059
95535
96013
96499
96962
97422
97885
98338
98826
99290
99782
100245
100702
101177
101670
102074
102561
103039
103503
104009
104450
104914
105411
105871
106330
106771
107274
107727
108202
108661
109126
109587
110026
110506
110985
111449
111930
112394
112851
113323
113798
114259
114734
115202
115625
116063
116563
116991
117466
117949
118429
118863
119350
119807
120294
120739
121218
121679
122154
122579
123049
123522
123987
124426
124899
125359
125853
126321
126773
127237
127721
128129
128570
129098
129578
130019
130437
130931
131413
131858
132323
132795
133299
133741
134218
134705
135170
135650
136099
136554
137074
137545
138018
138465
138997
139465
139917
140387
140867
141349
141811
142281
142757
143210
143698
144161
144657
145157
145625
146087
146578
147071
147530
148001
148494
148987
149443
149906
150417
150887
151355
151815
152306
152779
153243
153707
154189
154647
155125
155577
156065
156569
157037
157499
157990
158458
158921
159378
159866
160362
160845
161327
161798
162277
162734
163186
163637
164154
164629
165113
165586
166067
166547
167002
167458
167951
168427
168906
169354
169858
170322
170767
171257
171738
172225
172657
173146
173633
174090
174535
175011
175521
175987
176441
176922
177415
177890
178345
178838
179338
179802
180277
180729
181233
181674
182114
182601
183071
183517
183986
184467
184955
185413
185845
186315
186762
187209
187679
188150
188585
189043
189477
189962
190423
190915
191378
191835
192281
192739
193210
193670
194134
194581
195043
195493
195937
196395
196851
197330
197810
198261
198746
199219
199690
200182
200658
201210
201631
202115
202579
203073
203506
203971
204475
205005
205513
205923
206375
206874
207394
207839
208315
208794
209282
209722
210231
210701
211159
211661
212161
212675
213151
213563
214050
214511
215018
215494
215943
216426
216898
217395
217853
218346
218821
219290
219763
220243
220737
221202
221683
222162
222625
223082
223569
224033
224487
224973
225443
225935
226410
226866
227346
227851
228298
228773
229247
229682
230162
230645
231137
231589
232073
232545
233026
233509
233986
234478
234954
235411
235899
236387
236858
237343
237857
238307
238786
239289
239735
240233
240731
241206
241665
242174
242655
243141
243590
244066
244537
245070
245506
245947
246443
246946
247399
247859
248345
248866
249331
249797
250301
250806
251235
251715
252209
252713
253171
253674
254154
254595
255073
255557
256043
256539
257013
257454
257949
258453
258890
259367
259866
260357
260803
261266
261761
262235
262671
263153
263649
264130
264602
265099
265562
266043
266479
266959
267449
267909
268378
268859
269327
269819
270281
270750
271258
271722
272163
272661
273143
273619
274074
274523
275015
275514
275975
276474
276971
277451
277905
278413
278906
279365
279823
280322
280831
281309
281783
282255
282721
283226
283707
284187
284667
285149
285622
286097
286579
287069
287527
287985
288515
288973
289467
289957