1001
1593
2113
2718
3282
3813
4357
5490
6060
6606
7172
7725
8269
8826
9956
10550
11118
11701
12252
12798
13308
14429
14997
15556
16129
16677
17233
17780
18884
19506
20066
20612
21170
21734
22269
23373
23949
24469
25037
25566
26117
26704
27821
28386
28969
29548
30026
30570
31116
32238
32804
33354
33922
34486
35009
35574
36649
37294
37881
38502
39053
39633
40229
40844
41402
41954
42565
43140
43706
44334
44898
46141
46729
47333
47880
48437
49028
49641
50194
50788
51389
51956
52524
53126
53721
54300
54900
55469
56114
56698
57282
57846
58509
59176
59712
60269
60845
61478
62074
62636
63233
63798
64404
65013
65585
66185
66754
67362
67946
68524
69114
69722
70273
70876
71405
72038
72600
73198
73794
74388
74960
75530
76148
76709
77304
77852
78485
79046
79610
80205
80765
81372
81962
82517
83145
83693
84273
84869
85445
86034
86653
87201
87872
88462
89069
89666
90290
90888
91509
92088
92716
93316
93937
94566
95157
95746
96346
96918
97514
98132
98685
99274
99849
100412
101001
101576
102162
102773
103381
103957
104594
105134
105690
106258
106844
107466
108073
108653
109304
109814
110414
111006
111561
112164
112730
113324
113954
114485
115092
115654
116229
116805
117449
118069
118664
119221
119837
120406
121012
121629
122242
122865
123452
124021
124604
125228
125844
126410
127037
127618
128268
128796
129393
129965
130537
131133
131701
132300
132881
133482
134100
134688
135277
135844
136416
137014
137592
138188
138788
139398
139997
140566
141133
141726
142290
142884
143452
144034
144657
145233
145828
146406
146985
147594
148200
148802
149400
149968
150604
151189
151818
152394
153010
153597
154201
154794
155386
155977
156600
157173
157774
158356
158945
159521
160121
160716
161301
161858
162428
163005
163596
164182
164789
165349
165940
166516
167057
167658
168281
168890
169524
170141
170810
171352
171973
172549
173186
173742
174321
174893
175489
176074
176669
177270
177869
178446
179036
179629
180232
180802
181376
181957
182553
183134
183725
184317
184938
185478
186042
186645
187230
187830
188425
189040
189636
190166
190770
191356
191925
192488
193093
193653
194209
194790
195364
195940
196530
197084
197669
198296
198856
199386
199961
200556
201145
201694
202278
202856
203468
204018
204584
205141
205770
206317
206881
207458
208042
208580
209170
209780
210380
210909
211493
212037
212636
213182
213754
214334
214913
215454
216000
216578
217169
217708
218282
218833
219436
219980
220597
221138
221698
222236
222832
223381
223964
224574
225160
225700
226242
226829
227394
227965
228532
229085
229628
230218
230780
231340
231937
232482
233049
233582
234192
234726
235321
235894
236461
237038
237628
238188
238752
239317
239925
240510
241064
241673
242212
242794
243420
243970
244553
245134
245713
246308
246897
247456
248058
248650
249208
249756
250356
250957
251509
252028
252620
253188
253778
254310
254900
255501
256106
256641
257210
257766
258313
258886
259481
260109
260608
261165
261760
262346
262892
263461
264040
264613
265176
265778
266362
266974
267489
268053
268644
269226
269817
270373
270922
271522
272068
272628
273194
273766
274340
274910
275496
276068
276633
277206
277794
278408
278921
279461
280066
280622
281214
281746
282333
282885
283453
284053
284632
285228
285829
286402
287010
287540
288098
288686
289248
289816
290405
290954
291530
292064
292637
293222
293778
294330
294922
295466
296082
296622
297205
297746
298349
298922
299492
300025
300601
301178
301741
302310
302884
303437
304000
304586
305177
305706
306254
306800
307360
307978
308569
309101
309674
310254
310801
311390
311949
312522
313069
313610
314221
314764
315333
315922
316490
317094
317672
318236
318793
319404
319957
320486
321076
321618
322209
322770
323378
323962
324508
325054
325634
326170
326786
327326
327885
328469
329042
329578
330168
330741
331337
331865
332417
332980
333564
334098
334649
335213
335797
336386
336956
337485
338020
338572
339161
339732
340276
340829
341377
341980
342521
343086
343648
344228
344802
345374
345928
346486
347042
347606
348197
348780
349298
349861
350433
351008
351602
352141
352685
353253
353826
354378
354954
355516
356142
356674
357217
357756
358340
358908
359514
360106
360665
361254
361852
362398
363005
363541
364136
364758
365300
365852
366452
367036
367612
368154
368748
369326
369872
370430
371021
371588
372164
372717
373282
373846
374444
375005
375537
376144
376657
377220
377777
378368
378962
379514
380116
380728
381258
381774
382332
382918
383489
384002
384608
385208
385748
386300
386872
387430
388002
388532
389125
389702
390266
390812
391336
391909
392480
393030
393594
394152
394746
395312
395881
396526
397113