1835
2508
3212
3889
4581
5291
5975
6660
7335
8004
8652
9349
10049
10724
11419
12093
12781
13437
14105
14796
15475
16153
16819
17505
18248
18888
19579
20259
20904
21581
22303
22977
23648
24379
25077
25772
26428
27107
27789
28492
29179
29827
30531
31217
31900
32592
33285
33953
34644
35353
36023
36696
37397
38085
38783
39435
40119
40804
41517
42945
43644
44341
44989
45676
46357
47035
47725
48401
49135
49812
50477
51204
51875
52593
53269
53928
54613
55296
56004
56677
57396
58044
58732
59428
60117
60788
61465
62179
62875
63531
64244
64923
65639
66284
66956
67616
68359
69037
69731
70433
71087
71752
72477
73140
73813
74504
75196
75857
76583
77243
77956
78628
79311
80004
80699
81364
82061
82764
83461
84112
84796
85513
86205
86880
87620
88325
89012
89664
90384
91083
91780
92473
93175
93851
94541
95252
95911
96640
97343
97993
98708
99381
100087
100755
101477
102133
102813
103507
104189
104843
105540
106260
106917
107545
108247
108940
109644
110324
111003
111691
112357
113043
113716
114384
115060
115755
116453
117123
117797
118448
119173
119836
120519
121187
121903
122552
123235
123955
124629
125257
125949
126663
127316
127997
128675
129345
129988
130693
131356
132049
132705
133380
134047
134779
135411
136084
136753
137425
138097
138792
139475
140156
140819
141467
142113
142747
143460
144133
144745
145468
146140
146788
147497
148139
148827
149499
150183
150843
151532
152180
152911
153609
154287
154939
155621
156324
156981
157640
158389
159024
159695
160364
161052
161732
162381
163011
163732
164408
165075
165775
166415
167123
167804
168468
169141
169836
170460
171161
171829
172515
173181
173868
174559
175245
175893
176561
177201
177928
178595
179284
179925
180620
181260
181955
182613
183323
184005
184661
185345
186075
186719
187355
188020
188712
189388
190052
190719
191427
192067
192737
193397
194117
194772
195448
196141
196837
197491
198169
198840
199524
200219
200845
201541
202212
202861
203528
204229
204885
205565
206193
206887
207569
208247
208912
209576
210229
210915
211585
212231
212916
213565
214241
214941
215572
216259
216908
217605
218273
218939
219611
220308
220971
221612
222268
222957
223576
224283
224943
225619
226291
226949
227661
228325
228971
229645
230316
230999
231637
232336
232996
233695
234340
234988
235659
236315
236996
237661
238313
238987
239649
240300
240995
241663
242320
243004
243648
244335
245012
245651
246305
246999
247633
248340
248989
249643
250316
250987
251652
252339
253017
253645
254297
254980
255659
256308
256967
257637
258331
259011
259628
260351
261044
261715
262349
263023
263700
264383
265025
265732
266417
267045
267731
268423
269104
269757
270471
271117
271824
272468
273129
273773
274203
275124
275840
276517
277201
277856
278524
279189
279881
280559
281212
281900
282588
283253
283948
284603
285284
285955
286597
287279
287940
288629
289284
290007
290645
291303
291963
292677
293353
294023
294692
295351
296016
296707
297356
298024
298708
299391
300083
300752