16697
17329
17983
18643
19450
20111
20758
21485
22209
22851
23538
24239
24929
25587
26266
26986
27698
28365
29006
29719
30402
31114
31775
32483
33161
33874
34531
35237
35937
36613
37298
38002
38713
39394
40066
40762
41451
42135
42831
43503
44182
44879
45567
46241
46950
47675
48359
49035
49719
50426
51105
51794
52483
53159
53905
54578
55281
55951
56623
57317
57999
58699
59406
60090
60759
61481
62169
62826
63529
64193
64913
65589
66263
66965
67665
68346
69030
69717
70403
71133
71799
72509
73174
73863
74578
75249
75919
76617
77337
78018
78679
79371
80074
80781
81483
82137
82823
93895
94571
95271
95942
96629
97317
98026
98727
99425
100117
100777
101458
102159
102845
103537
104237
104926
105614
106285
106966
107677
108350
109062
109715
110435
111131
111791
112481
113170
113858
114541
115243
115978
116635
117291
118003
118674
119373
120081
120763
121433
122174
122841
123529
124235
124938
125618
126321
127021
127683
128378
129058
129749
132502
133211
133866
134571
135259
135963
136611
137306
137998
138673
139363
140067
140746
141434
142137
142827
143499
144218
144891
145595
146281
146979
147683
148327
149067
149729
150430
151146
151802
152497
153189
153859
154565
155250
155925
156627
157326
158002
158694
159386
160115
160809
161498
162186
162861
163511
164217
164898
165578
166298
167006
167673
168357
169031
169746
170402
171117
171803
172510
173169
173861
174585
175242
175919
176637
177311
178006
178683
179365
182209
182818
183530
184250
184931
185617
186306
187005
187666
188362
189041
189730
190426
191090
191835
192534
193179
193859
194585
195218
195887
196566
197231
197939
198594
199299
199983
200602
201265
201962
202595
203266
203919
204603
205267
205946
206595
207213
207898
208531
209203
209867
210555
211197
211797
212445
213129
213794
214417
215082
215751
216413
217055
217715
218370
219041
219698
220365
221023
221686
222330
222987
223663
224315
224969
225646
226285
226962
227581
228242
228914
229571
230235
230899
231543
232230
232873
233523
234185
234862
235507
236166
236818
237515
238141
238762
239407
240074
240717
241394
242061
242699
243343
244026
244655
245333
245967
246638
247258
247927
248583
249249
249873
250531
251193
251859
252498
253150
253815
254494
255130
255753
256391
257090
257746
258418
258995
259658
260337
260973
261601
262285
262987
263638
264227
264899
265577
266209
266843
267531
268171
268829
269457
270091
270763
271398
272033
272717
273371
274041
274681
275378
276043
276670
277318
277981
278642
279266
279914
280587
281251
281917
282553
283198
283831
284525
285167
285829
286491
287135
287813
288466
289131
289787
290394
291063
291733
292414
293043
293699
294381
295005
295634
296289
296929
297529
298213
298883