432
995
1624
2357
3029
3708
4391
5049
5712
6396
7095
7765
8477
9229
9988
10703
11404
12085
12740
13417
14068
14716
15397
16076
16709
17396
18052
18729
19380
20029
20671
21364
22023
22675
23355
24028
24667
25329
26035
26668
27316
27963
28653
29315
29959
30621
31240
31908
32560
33251
33956
34577
35255
35913
36596
37220
37876
38507
39167
39844
40491
41141
41796
42471
43087
43785
44460
45121
45764
46459
47125
47732
48380
49051
49695
50355
51007
51695
52333
53012
53677
54343
55035
55683
56308
56963
57627
58277
58944
59603
60271
60949
61597
62260
62932
63596
64245
64877
65531
66220
66883
67561
68223
68876
69523
70180
70844
71524
72172
72835
73461
74131
74789
75449
76111
76773
77397
78084
78759
79407
80028
80668
81341
81987
82680
83353
84020
84759
85429
86061
86695
87387
88029
88653
89333
89969
90669
91308
91989
92657
93312
94013
94688
95332
95965
96621
97269
97941
98597
99272
99943
100636
101263
101917
102592
103281
103925
104569
105229
105901
106524
107159
107815
108500
109119
109769
110415
111103
111725
112385
113028
113691
114431
115172
115861
116535
117207
117899
118573
119213
119877
120560
121271
121967
122623
123317
124021
124716
125381
126089
126740
127377
128021
128680
129348
129979
130676
131357
132020
132681
133341
134012
134639
135315
135973
136644
137308
137963
138607
139277
139932
140585
141213
141876
142525
143180
143848
144497
145184
145849
146468
147137
147835
148479
149109
149743
150464
151057
151699
152389
153053
153709
154339
154995
155663
156315
156940
157588
158247
158912
159547
160187
160887
161492
162095
162793
163477
164108
164741
165411
166039
166701
167343
168001
168624
169291
169929
170557
171187
171860
172508
173140
173853
174460
175055
175677
176327
176979
177612
178263
178941
179605
180232
180861
181613
182212
182847
183493
184191
184847
185476
186091
186775
187439
188060
188703
189440
190037
190671
191311
191868
192361
193157
193849
194567
195149
195823
196497
197205
197827
198455
199140
199816
200419
201056
201792
202389
203076
203711
204444
205119
205793
206469
207235
208036
208747
209423
210124
210813
211389
212060
212713
213375
213989
214668
215321
215901
216653
217284
217935
218629
219261
219912
220539
221247
221884
222540
223203
223821
224477
225119
225781
226428
227093
227759
228404
229055
229684
230368
231005
231680
232345
232963
233596
234223
234900
235568
236215
236837
237467
238127
238769
239403
240040
240688
241353
242040
242692
243325
243948
244500
245265
245884
246572
247183
247837
248428
249129
249756
250385
251080
251748
252444
253165
253789
254509
255173
255880
256500
257156
257855
258547
259260
259969
260789