1010
1741
2482
3187
3857
4558
5298
6005
6723
7450
8135
8914
9595
10299
11066
11778
12483
13202
13970
14683
15394
16077
16847
17565
18265
19021
19722
20461
21098
21861
22569
23317
24033
24739
25439
26163
26865
27619
28353
29091
29794
30531
31225
31979
32714
33433
34218
34907
35642
36406
37131
37846
38519
39266
39970
40706
41431
42150
42863
43622
44305
45019
45735
46467
47186
47938
48649
49430
50085
50794
51537
52277
52987
54481
55199
55962
56661
57366
58101
58853
59545
60291
61001
61725
62409
63186
63873
64597
65351
66077
66763
67526
68303
69026
69799
70514
71970
72730
73438
74205
74859
75603
76287
76995
77715
78470
79163
79915
80607
81357
82045
82758
83471
84234
84919
85658
86377
87123
87825
88595
89330
90051
90750
91482
92223
92925
93642
94338
95086
95819
96447
97245
97979
98678
99375
100093
100827
101523
102207
102962
103649
104362
105065
105811
106570
107283
107937
108737
109457
110190
110881
111610
112341
113067
113786
114481
115195
115942
116593
117301
118050
118682
119489
120226
120921
121661
122335
123070
123771
124498
125205
125930
126615
127355
128047
128789
129482
130198
130889
131621
132361
133051
133779
134525
135239
135963
136663
137379
138130
138851
139579
140293
140953
141797
142531
143290
144027
144699
145401
146129
146843
147549
148267
148965
149635
150382
151101
151773
152506
153934
154663
155357
156073
156819
157565
158357
159149
159773
162643
163379
164085
164794
165442
166181
166871
167614
168299
169015
169741
170459
171142
171922
172606
173331
174035
174766
175457
176185
176855
177590
178293
178973
179655
180387
181095
181825
182523
183254
183946
184659
185338
186101
186791
187499
188199
188939
189647
190345
191035
191802
192523
193179
193897
194646
195378
196078
196761
197499
198235
198907
199603
200346
201055
201762
202441
203203
203895
204662
205327
206066
206802
207518
208189
208949
209666
210395
211065
211805
212529
213262
213930
214698
215399
216123
216841
217578
218289
219019
219699
220451
221153
221861
222565
223298
224001
224757
225441
226149
226865
227598
228275
228938
229671
230382
231058
231781
232514
233277
233930
234645
235361
236117
236783
237531
238253
238970
239666
240390
241131
241869
242543
243265
243987
244739
245429
246147
246871
247621
248335
249053
249754
250491
251202
251914
252651
253331
254067
254779
255503
256245
256906
257643
258337
259037
259777
260517
261235
261977
262665
263378
264127
264818
265529
266243
266955
267699
268369
269098
269786
270525
271205
271963
272675
273394
274102
274827
275506
276253
276971
277722
278433
279163
279825
280569
281275
282005
282686
283437
284115
284882
285581
286318
287027
287730
288430
289187
289863
290533
291218
292010
292687
293437
294165
294866
295611
296325
296978
297717
298410
299142
299859
300595
301287
301955
302674
303403
304147
304830
305543
306317
307022
307731
308426
309169
309883
310614
311321
312059
312775
313469
314195
314931
315643
316350
317050
317779
318513
319217
319931
320683
321409
322146
322897
323626
324402
325925