627
1177
1786
2423
3045
3689
4295
4899
5522
6155
6766
7385
8006
8637
9269
9889
10513
11099
11710
12335
13065
13610
14278
14835
15466
16050
16645
17315
17934
18523
19143
19779
20377
20969
21657
22265
22915
23533
24159
24738
25355
25951
26597
27193
27823
28461
29031
29677
30285
30911
31562
32159
32799
33434
34057
34671
35279
35885
36542
37139
37797
38393
39009
39639
40263
40879
41455
42089
42746
43325
43945
44593
45225
45863
46453
47107
47689
48317
48910
49531
50174
50835
51457
52047
52615
53242
53869
54474
55087
55698
56330
56927
57519
58102
58777
59383
59989
60646
61257
61865
62462
63041
63678
64321
64922
65531
66194
66793
67367
67977
68611
69233
69863
70489
71169
71754
72366
73011
73622
74233
74839
75433
76037
76659
77279
77929
78537
79171
79777
80394
81042
81643
82290
82914
83526
84137
84761
85377
85977
86586
87207
87822
88431
89070
89706
90274
90927
91518
92130
92738
93367
93978
94575
95170
95793
96394
97031
97658
98251
98874
99502
100141
100722
101363
101962
102634
103201
103849
104470
105070
105682
106322
106926
107543
108162
108771
109389
110011
110650
111255
111855
112450
113139
113714
114315
114918
115566
116179
116777
117385
117998
118634
119249
119874
120489
121097
121694
122327
122990
123567
124170
124787
125413
126034
126626
127279
127862
128489
129090
129739
130366
130977
131615
132241
132849
133451
134062
134683
135278
135903
136538
137138
137767
138394
138989
139602
140218
140846
141486
142090
142690
143321
143930
144551
145155
145754
146386
147030
147622
148239
148855
149435
150089
150722
151327
151933
152577
153191
153815
154413
155041
155641
156282
156883
157486
158123
158718
159346
159951
160562
161193
161807
162446
163071
163689
164281
164886
165523
166154
166759
167366
167995
168589
169199
169810
170413
171038
171674
172262
172905
173498
174121
174710
175370
176025
176647
177205
177834
178433
179049
179631
180281
180886
181545
182134
182737
183353
183963
184545
185210
185785
186447
187001
187626
188218
188858
189450
190114
190714
191361
191926
192555
193137
193777
194382
194991
195607
196194
196821
197426
198062
198674
199281
199903
200510
201161
201727
202349
202958
203571
204158
204777
205430
206035
206622
207259
207879
208451
209087
209703
210353
210962
211525
212163
212745
213369
213965
214575
215207
215847
216413
217057
217674
218259
218882
219481
220098
220762
221350
221954
222582
223193
223793
224390
225062
225638
226235
226863
227473
228051
228698
229313
229945
230519
231129
231735
232350
232953
233558
234175
234842
235403
236025
236647
237247
237899
238518
239123
239718
240378
240994
241617
242218
242842
243439
244034
244631
245257
245895
246495
247113
247713
248346
248922
249591