5370
6132
6982
7836
8720
9570
10448
11309
12162
13013
13888
14737
15614
16496
17328
18178
19024
19884
20729
21604
22449
23350
24205
25037
25896
26770
27634
28508
29328
30222
31044
31914
32746
33641
34474
35320
36218
37116
37960
38825
39654
40540
41392
42234
43065
43954
44824
45716
46562
47449
48292
49194
50066
50926
51786
52676
53548
54428
55272
56129
56976
57909
58718
59645
60460
61364
62228
63121
63996
64850
65705
66594
67482
68357
69222
70144
71025
71874
72752
73629
74490
75373
76230
77106
77966
78849
79753
80625
81514
82362
83252
84150
85042
85922
86784
87701
88566
89444
90328
91242
92188
93069
93953
94826
95736
96614
97488
98349
99276
100092
100968
101853
102738
103610
104472
105333
106193
107065
107980
108860
109769
110652
111530
112402
113298
114117
115001
115873
116789
117644
118521
119389
120276
121156
121998
122901
123774
124652
125544
126380
127312
128137
129024
129868
130712
131614
132500
133292
134236
135084
135930
136801
137700
138580
139420
140306
141209
142025
142904
143737
144665
145525
146408
147282
148114
149044
149880
150762
151660
152540
153412
154301
155170
155990
156848
157744
158652
159509
160402
161276
162162
163020
163897
164757
165640
166525
167380
168260
169136
169973
170844
171716
172584
173469
174353
175188
176102
176948
177833
178690
179600
180417
181321
182205
183113
183964
184810
185690
186570
187434
188330
189196
190068
190961
191864
192708
193594
194500
195369
196225
197137
198066
198985
199832
200697
201546
202436
203302
204173
204994
205913
206838
207652
208508
209361
210242
211120
211934
212841
213738
214601
215434
216358
217236
218110
218993
219884
220740
221610
222442
223329
224186
225009
225941
226805
227680
228513
229405
230273
231145
232028
232876
233752
234620
235473
236345
237233
238085
238937
239806
240697
241574
242425
243309
244192
245028
245912
246757
247642
248524
249385
250284
251156
252013
252896
253746
254665
255524
256380
257261
258128
258994
259836
260709
261630
262482
263374
264225
265137
265980
266870
267724
268622
269501
270425
271252
272153
272992
273882
274773
275248
275733
276584
277500
278345
279222
280162
281017
281904
282754
283636