525
1017
1611
2215
2853
3482
4077
4650
5269
5890
6497
7099
7701
8294
8903
9530
10121
10745
11361
12747
13422
14017
14599
15234
15873
16426
17070
17647
18222
18895
19467
20067
20649
21297
21889
22522
23086
23711
24317
24942
25487
26129
26681
27354
27909
28511
29095
29678
30281
30879
31462
32082
32654
33270
33853
34439
35037
35639
36326
36873
37585
38061
38657
39239
39945
40466
41078
41666
42257
42911
43527
44058
44617
45202
45769
46417
47063
47679
48982
49639
50261
50863
51493
52119
52694
53321
53907
54487
55061
55714
56298
56897
57507
58113
58713
59298
59926
60547
61133
61698
62293
62895
63493
64105
64687
65259
65886
66449
67070
67678
68282
68871
69469
70039
70646
71249
71833
74322
74919
75545
76126
76738
77327
77911
78486
79103
79685
80286
80919
81498
82137
82726
84002
85903
86502
87102
87718
88345
88926
89526
90177
90754
91366
91951
92543
93127
93791
94343
94982
95586
96165
96774
97374
97951
98599
99191
99775
100401
100981
101602
102197
102825
103415
104019
104605
105233
105774
106359
106985
107635
108241
108815
109427
110031
110654
111230
111801
112367
113001
113566
114145
114751
115387
115977
116567
120331
120874
121481
122099
122669
123267
123893
124494
125086
125675
126247
126862
127479
128069
128630
129262
129855
130442
131038
131649
132233
132782
133398
134021
134615
135202
135797
136393
136997
137589
138149
138741
139321
139930
140542
141122
141743
142318
142913
143534
144118
144686
145281
145902
146510
147093
147703
148298
148877
149466
150142
150811