623
1083
1587
2141
2681
3228
3760
4383
4920
5499
6037
6631
7181
7708
8300
8835
9403
9996
10544
11101
11639
12189
12743
13315
13852
14445
14975
15524
16081
16607
17176
17755
18281
18903
19455
20027
20565
21175
21696
22279
22799
23328
23932
24488
25029
25632
26153
26724
27279
27867
28440
29055
29583
30127
30677
31288
31837
32389
32928
33520
34056
34613
35188
35768
36351
36935
37496
38076
38677
39239
39799
40396
40952
41511
42069
42671
43256
43780
44368
44937
45481
46077
46633
47199
47775
48365
48920
49516
50044
50595
51173
51779
52309
52903
53480
54071
54629
55199
55800
57579
58192
58739
59267
59895
60425
60987
61512
62117
62656
63243
63783
64347
64905
65525
66120
66728
67295
67879
68420
69048
69565
70149
70685
71296
71860
72439
72983
73603
74125
74687
75233
75811
76396
76964
77533
78099
78685
79245
79808
80423
81016
81575
82133
82767
83301
84483
91997
92573
93149
93760
94311
94893
95429
96013
96543
97100
97679
98235
98777
99333
99895
100463
100992
101551
102111
102635
103209
103732
104289
104813
105368
105900
106496
107037
107561
108128
108664
109264
109784
110336
110901
111461
111992
112559
113085
113623
114184
114749
115295
115871
116407
116972
117523
118036
118568
119119
119673
120256
120777
121327
121861
122435
122952
123469
124008
124535
125092
125685
126256
126805
127365
127949
128484
129064
129592
130191
130743
131333
131861
132417
132975
133509
134087
134639
135200
135765
136287
136872
137429
137979
138536
139124
139697
140253
140780
141352
141927
142468
143021
143599
144213
144775
145297
145855
146412
146991
147533
148117
148689
149261
149799
150416
150980
152695
153248
153803
154369
154957
155529
156055
156592
157176
157720
158320
158832
159429
159967
160508
161084
161639
162205
162800
163327
163911
164453
165027
165577
166148
166721
167296
167815
168404
168968
169531
170056
170619
171221
171768
172333
172879
173429
173991
174525
175127
175685
176235
176784
186451
186989
187547
188173
188721
189335
189869
190421
190961
191549
192101
192671
193193
193752
194291
194861
195371
195901
196461
197027
197589
198157
198707
199268
199804
200348
200875
201453
201989
202555
203101
203647
204153
204717
205269
205837
206344
206901
207453
208003
208521
209076
209643
210183
210739
211284
211789
212335
212867
213412
213947
214511
215067
215588
216156
216716
217209
217780
218324
218884
219396
219916
220459
220989
221523
222061
222604
223156
223675
224251
224797
225333
225873
226428
226955
227532
228061
228624
229136
229692
230209
230743
231281
231812
232389
232943
233484
234004
234484
235005
235547
236107
236613
237124
237636
238143
238689
239255
239757
240295
240817
241363
241876
242407
242963
243477
244003
244549
245093
245644
246157
246696
247249
247797
248301
248855
249371
249900
250424
250972
251505
252037
252583
253092
253649
254212
254739
255261
255763
256301
256829
257380
257869
258428
258953
259509
260015
260548
261081
261637
262133
262656
263188
263757
264265
264797
265307
265843
266357
266903
267413
267956
268473
268989
269528
270028
270577
271117
271612
272135
272667
273216
273724
274263
274812
275343
275845
276348
276871
277405
277917
278463
278975
279499
280023
280548
281053
281564
282077
282607
283156
283679
284172
284691
285253
285764
286275
286805
287340
287867
288405
288923
289433
289941
290489
291023
291561
292091
292589
293133
293677
294197
294739
295257
295781
296368
296917
297501
298025
298623
299147
299696
300255
300813
301341
301935
302467
303052
303587
304148
304701
305253
305833
306415
306941
307484
308051
308608
309141
309731
310268
310827
311353
311944
312463
313039
313561
314184
314729
315319
315884
316455
316963
317508
318049
318659
319205
319772
320321
320948
322688
323195
323748
324303
324851
325421
325956
326515
327025
327651
328176
328733
329251
329831
330381
330924
331468
332027
332595
333179
333715
334285
334804
335407
335901
336511
337035
337631
338149
338727
339285
339821
340353
340949
341499
342056
342585
343173
343693
344243
344789
345403
345924
346491
347029
356760
357273
357829
358452
358987
359579
360104
360651
361175
361720
362256
362828
363371
363907
364435
364995
365559
366073
366611
367145
367709
368265
368808
369321
369857
370377
370920
371489
372003
372548
373115
373637
374160
374721
375240
375795
376335
376889
377400
377935
378449
379005
379515
380057
380584
381156
381648
382220
382715
383243
383776
384272
384831
385364
385880
386449
386975
387529
388039
388593
389093
389643
390157
390699
391201
391760
392312
392840
393344
393905
394463
395064
395587
396155
396696
397259
397784
398368
398928
399491
400011
400585
401160
401688
402205
402777
403376
403923
404472
405016
405565
406123
406645
407220
407781
408361
408903
409449
409997
410553
411071
411649
412201
412776
413313
413892
414423
414972
415497
416103
416651
417203
417729
418324
420023
420560
421159
421712
422256
422812
423353
423907
424427
425009
425547
426133
426653
427249
427783
428339
428888
429449
430013
430619
431119
431723
432267
432804
433361
433945
434467
435032
435583
436155
436723
437297
437823
438427
438976
439515
440072
440648
441187
441747
442289
442851
443407
443952
444531