1078
1946
2836
3726
4609
5482
6360
7222
8133
9016
9884
10779
11645
12571
13421
14281
15179
16048
16943
17821
18759
19664
20577
21428
22384
23288
24208
25031
26001
26870
27786
28674
29584
30479
31409
32317
33238
34138
35070
36035
36865
37791
38710
39615
40504
41319
42211
43099
43988
44880
45780
46678
47576
48480
49347
50215
51119
52075
52934
53816
54709
55600
56462
57374
58238
59137
60013
60866
61821
62638
63579
64438
65321
66201
67096
68009
68908
69776
70668
71584
72436
73307
74199
75060
75942
76829
77677
78530
79448
80338
81206
82051
82926
83836
84727
85568
86461
87351
88233
89107
89975
90948
91840
92680
93540
94452
95357
96282
97128
98031
98945
99817
100707
101633
102449
103383
104265
105088
105977
106850
107717
108608
109504
110383
111259
112086
113057
113910
114784
115659
116511
117408
118224
119121
119996
120856
121767
122628
123525
124362
125289
126134
127008
127905
128787
129669
130555
131489
132351
133229
134123
134999
135866
136792
137652
138506
139365
140254
141173
142127
143004
143897
144777
145674
146569
147431
148369
149208
150060
150921
151847
152735
153545
154441
155353
156250
157087
157978
158782
159670
160499
161372
162226
163086
163924
164835
165680
166570
167422
168247
169083
169936
170709
171628
172488
173311
174194
175075
175899
176736
177589
178464
179317
180162
181044
181949
182764
183572
184476
185358
186167
187027
187865
188739
189562
190466
191348
192164
192995
193825
194634
195509
196361
197214
198044
198897
199764
200617
201462
202366
203175
204079
204865
205777
206659
207518
208371
209203
210047
210944
211789
212641
213509
214427
215243
216096
216956
217809
218690
219528
220403
221226
222094
222909
223769
224703
225519
226342
227275
228143
228966
229848
230738
231568
232479
233324
234186
234994
235875
236720
237580
238477
239307
240212
241086
241975
242787
243645
244508
245349
246194
247061
247921
248767
249656
250501
251369
252221
253081
253978
254794
255690
256514
257322
258204
259027
259898
260754
261591
262445
263320
264165
264973
265826
266664
267546
268391
269236
270097
270942
271750
272573
273463
274279
275153
276014
276858
277674
278564
279446
280292
281121
282003
282805
283679
284554
285465
286253
287164
287979
288787
289670
290515
291382
292243
293117
293954
294815
295719
296543
297350
298151
298998
299880
300746
301598
302466
303302
304193
305046
305870
306721
307603
308427
309323
310198
311036
311874
312710
313579
314417
315284
316115
317004
317842
318680
319488
320370
321267
322135
322958
323832
324664
325450
326339
327213
328095
328905
329757
330566
331426
332277
333158
333988
334819
335686
336508
337391
338214
339045
339897
340735
341573
342426
343301
344175
344998
345814
346649
347519
348394
349217
350070
350893
351834
352602
353460
354347
355185
356096