6349
7032
7712
8440
9157
9798
10536
11209
12638
13377
14086
14782
15493
16214
16925
17632
18345
19050
19761
20457
21173
21872
22588
23298
24002
24745
25445
26129
26860
27558
28280
28961
29644
30416
31112
31808
32505
33238
33942
34658
35356
36054
36749
37457
38162
38896
39608
40294
41005
41713
42424
43097
43836
44542
45233
45936
46646
47336
48060
48754
49452
50173
53114
53790
54504
55256
55984
56704
57406
58122
58813
59525
60201
60953
61640
62377
63077
63809
64497
65192
65909
66629
67296
68026
68734
69482
70128
70872
71532
72258
72974
73680
74381
75090
75808
76520
77253
77954
78654
79328
80081
80761
81437
85129
85812
86522
87229
87938
88614
89329
89998
90737
91430
92102
92542
93520
94268
94966
95654
96406
97092
97762
98480
99169
99885
100569
101281
101970
102710
103402
104084
104777
105512
106229
106920
107632
108344
109040
109741
110457
111173
111862
112574
113305
113988
114680
115414
116110
116790
117537
118201
118946
119624
120337
121061
121746
122438
123160
123885
124570
125278
125930
126673
127360
128054
128784
129473
130200
130904
131606
132302
132990
133701
134406
135110
135838
136521
137200
137936
138630
139352
140053
140726
141462
142166
142854
143558
144264
144966
145672
146405
147114
147798
148481
149198
149889
150593
151294
152006
152714
153422
154086
154820
155529
156241
156952
157646
158352
159037
159769
160473
161176
161888
164025
164742
165457
166141
166857
167561
168270
168932
169657
170373
171062
171733
172462
173142
173861
174541
175249
175973
176670
177377
178097
179185
179568
180222
180920
181621
182350
183053
183753
184448
185177
185885
186569
187229
187953
188681
189362
190061
190774
191488
192136
192856
193576
194296
194976
195668
196384
197076
197777
198500
199165
199869
200552
201258
201960
202670
203360
204064
204758
205460
206184
206868
207562
208253
208950
209670
210334
211062
211750
212449
213154
213857
214536
215244
215929
216637
217320
218029
218718
219424
220134
220822
221504
222214
222905
223596
224336
225030
225696
226437
227138
227806
230654
231312
232050
232710
233433
234125
234825
235528
236232
236941
237630
238336
239054
239758
240453
241157
241838
242541
243249
243944
244653
245334
246041
246760
247438
248141
248858
249553
250248
250940
251672
252360
253033
267786
268428
269121
269846
270553
271229
271961
272660
273377
274076
274753
275434
276169
276854
277580
278268
278973
279657
280377
281062
281793
282434
283197
283892
284593
285301
285972
286714
287402
288117
288857
289516
290245
290956
291692
292380
293108
293780
294497
295204
295941
296606
297308
298010
298745
299437
300146
300826
301572
302244
302680
303662
304380
305089
305796
306509
307220
307894
308629
309332
310016
310734
311424
312130
312877
313590
314308
314974
315704
316394
317081
317804
318516
319229
319941
320620
321353
322036
322754
323452
324202
324884
325589
326277
327001
327712
328392
329146
329865
330572
331250
331954
332657
333362
334072
334770
335537
336172
336892
337601
338300
338986
339729
340404
341149
341812
342516
343246
343950
344625
345297
346006
346724
347426
348120
348804
349572
350244
350944
351649
352364
353064
353780
354478
355194
355900
356594
357285
358020
358741
359440
360130
360876
361566
362282
362994
363714
364418
365137
365861
366561
367274
367940
368642
369428
370100
370794
371525
372224
372949
373618
374317
375048
375778
376458