1154
1697
2324
2961
3608
4225
4872
5536
6180
6816
7481
8117
8768
9408
10045
10664
13428
14094
14776
15441
16096
16760
17450
18064
18732
19377
20041
20694
21321
21973
22665
23326
23980
24626
25306
25944
26569
27257
27878
28528
29192
29857
30537
31193
31809
32449
33113
33797
34444
37242
37916
38597
39281
39941
40616
41310
41968
42622
43289
43996
44702
45324
46025
46712
49586
50293
51014
51657
52273
53001
53658
54317
54976
55646
56313
57008
57642
58385
59017
59712
60378
63293
63962
64648
65336
66001
66704
67406
68082
68765
69432
70136
70802
71481
72185
72872
75760
76485
77204
77852
78529
79197
79898
80569
81228
84110
84808
85513
86209
86848
87584
88297
88944
89652
90337
91029
91696
92385
93081
93790
96712
97449
98180
98825
99489
100200
100858
101480
102121
102840
103504
104158
104817
105493
106137
106793
107406
108070
108750
109389
110030
110710
111378
112001
112657
113337
113985
114665
115292
115928
116542
117162
117888
118480
119153
119805
120428
121088
121744
122376
123038
123726
124336
125014
125648
126302
126960
127656
128272
128944
129626
130245
130922
131585
132232
132881
133530
134185
134866
135518
136154
136825
137474
138109
138729
139442
140080
140710
141369
142032
142696
143342
143952
144656
145304
145934
146569
147230
147914
148553
149210
149905
150564
151182
151806
152480
153153
153782
154436
155070
155730
156373
157012
157664
158330
158978
159614
160293
160950
161613
162230
162926
163590
164213
164854
165534
166193
166857
167496
168166
168844
169485
170122
170814
171492
172120
172752
173472
174126
174776
175422