8719
9751
10813
11860
12893
13964
14988
16025
17093
18147
19221
20275
21352
22435
23495
24516
25639
26701
27748
28796
29868
30944
31943
33011
34044
35147
36196
37211
38277
39361
40379
41437
42517
43579
44615
45691
46813
47789
48875
49929
50989
52092
53116
54217
55213
56323
57381
58465
59467
60541
61549
62668
63703
64772
65863
66909
67943
69020
70076
71185
72227
73329
74323
75459
76477
77541
78555
79692
80749
85176
86289
87344
88417
89463
90517
91535
92609
93636
94697
95760
102419
103419
104447
105496
106527
107583
108613
109675
110693
111728
112757
113753
114819
115881
116901
117929
118955
119979
121013
122048
123111
124145
125180
126267
127224
128281
129309
130364
131420
132476
133468
134512
135539
136627
137659
138696
139723
140739
141803
142800
143881
144908
145955
146964
148011
149075
150100
151137
152181
153252
154308
155331
156363
160769
161771
162795
163835
164863
165915
166920
167964
169001
170017
171104
172116
173147
174193
175224
176308
177335
178355
179369
180417
181431
182520
183519
184561
185569
186624
187661
188681
189712
190740
191775
192881
193849
194868
195865
196940
197969
199035
200097
201116
202105
203196
204216
205240
206237
207300
208341
209393
210444
211520
212567
213600
214623
215688
216719
217759
218787
223103
224095
225119
226181
227208
228269
229291
230359
231369
232476
233456
234473
235519
236568
237584
238685
239657
240700
241727
242748
243803
244856
245885
246949
247960
249063
250089
251112
252189
253255
254280
255337
256375
257449
258545
259575
260647
261703
262743
263797
264849
265913
266963
268071
269104
270185
271249
272264
273327
274456