19479
20547
21728
22932
24109
25316
26531
27696
28935
30097
31319
32531
33679
34897
36088
37312
38515
39707
40896
42112
43297
44488
45697
46859
48091
49260
50491
51701
52868
54049
55281
56476
57683
58859
60063
61249
62473
63632
64856
66067
67292
68408
69643
70907
72055
73244
74449
75651
76857
78057
79215
80427
81655
82832
84033
85233
86423
87649
88811
90044
91216
92445
93612
94820
96008
97208
98387
99612
100800
103203
104447
105616
106783
108005
109207
110387
111536
112777
114011
115189
116407
117569
118777
119984
121152
122345
123544
124757
125955
127153
128311
129560
130768
131945
133153
134329
135545
136748
137923
139124
140321
141532
142728
143915
145112
146323
147543
148700
149888
151092
152280
153508
154672
155876
157071
158268
159445
160668
161983
163277
167917
169088
170280
171433
172663
173861
175037
176264
177472
178661
179835
181037
182237
183456
184596
185816
187039
188209
189432
190629
191804
193016
194199
195403
196605
197800
199008
200221
201404
202640
203804
205011
206181
207387
208605
209795
210959
212183
213400
214599
215776
216991
218189
219383
220556
222997
224172
225361
226561
227744
228983
230155
231345