69
708
1328
1967
2564
3204
3823
4420
5040
5701
6340
6959
7536
8175
8815
9413
10031
10671
11291
11951
12548
13167
13764
14425
15044
15663
16281
16900
17519
18180
18735
19375
19993
20612
21231
21849
22489
23087
23705
24324
24987
25604
26223
26820
27460
28079
28697
29316
29979
30576
31215
31812
32452
33049
33648
34287
34907
35545
36121
36761
37380
37999
38617
39216
39833
40473
41092
41689
42288
42969
43503
44121
44720
45316
45956
46575
47193
47771
48388
48987
49604
50203
50863
51460
52059
52655
53275
53893
54512
55129
55707
56303
56943
57540
58137
58756
59396
59972
60613
61211
61807
62447
63087
63727
64324
64923
65583
66180
66779
67396
67995
68655
69295
69915
70532
71151
71769
72389
72987
73605
74245
74841
75460
76079
76697
77317
77957
78575
79173
79813
80473
81072
81669
82329
82969
83568
84207
84868
85529
86149
86747
87407
88004
88644
89263
89881
90457
91077
91652
92271
92848
93487
94127
94745
95364
95983
96603
97241
97839
98436
99033
99652
100228
100889
101467
102084
102683
103300
103897
104516
105135
105712
106329
106928
107545
108164
108741
109339
109956
110553
111151
111769
112347
112965
113563
114201
114799
115396
116015
116612
117168
117785
118404
119023
119599
120217
120836
121412
122052
122649
123247
123845
124463
125040
125657
126255
126875
127492
128069
128708
129305
129924
130500
131140
131739
132313
132932
133529
134169
134724
135323
135940
136559
137135
137755
138373
138969
139567
140228
140804
141401
141999
142576
143215
143791
144452
144987
145647
146201
146820
147417
148036
148655
149231
149807
150383
151001
151556
152132
152793
153391
153947
154543
155161
155780
156357
156975
157551
158171
158788
159343
159940
160559
161115
161711
162329
162948
163481
164057
164676
165273
165851
166448
167045
167684
168260
168857
169456
170032
170628
171205
171823
172420
172996
173595
174255
174852
175407
175983
176580
177199
177775
178373
178971
179567
180144
180720
181316
181915
182532
183129
183727
184345
184921
185519
186116
186715
187332
187888
188505
189081
189657
190212
190852
191428
192025
192601
193199
193796
194393
194991
195567
196144
196761
197359
197956
198575
199151
199748
200324
200900
201497
202137
202735
203375
203929
204527
205125
205764
206341
206959
207599
208196
208795
209412
209988
210607
211205
211823
212400
213060
213657
214255
214852
215471
216111
216708
217305
217924
218523
219119
219739
220377
220975
221572
222191
222789
223408
223984
224603
225199
225839
226436
227012
227652
228228
228825
229445
230000
230617
231257
231855
232431
233051
233647
234265
234843
235481
236079
236677
237252
237893
238533
239129
239707
240283
240921
241499
242095
242671
243291
243865
244463
245040
245615
246213
246809
247385
247940
248560
249156
249732
250287
250884
251461
252057
252613
253211
253807
254383
254980
255557
256175
256772
257348
257924
258521
259119
259716
260271
260889
261487
262063
262617
263237
263833
264431
265007
265584
266203
266756
267353
267972
268591
269188
269744
270361
271001
271577
272175
272793
273371
273988
274607
275184
275781
276399
276975
277657
278255
278831
279428
280004
280603
281220
281817
282415
283076
283653
284229
284848
285423
286063
286681
287279
287897
288473
289071
289668
290265
290905
291524
292100
292719
293337
293956
294553
295172
295771
296367
297008
297604
298208
298800
299439
300057
300676
301273
301871
302468
303087
303663
304281
304880
305476
306053
306693
307292
307887
308485
309081
309721
310297
310895
311599