1897
2587
3258
3914
4555
5241
5862
6525
7174
7875
8511
9169
9815
10489
11142
11799
12447
13079
13718
14394
15034
15706
16339
16986
17617
18315
18957
19599
20262
20929
21566
22226
22842
23547
24175
24863
25457
26122
26753
27391
28015
28658
29345
30011
30625
31277
31931
32562
33185
33850
34522
35187
35766
36442
37082
37738
38318
39019
39643
40283
40905
43586
44286
44941
45553
46223
46846
47549
48215
48849
49489
50121
50775
51415
52073
52746
53367
54026
54677
55307
55942
56579
57249
57895
58562
59202
59838
60481
61094
61755
62403
62985
63622
64271
64882
65478
66135
66778
68001
68723
69365
70017
70681
71337
71985
72609
73257
73923
74558
75203
75837
76467
77109
78385
80935
83506
86071
86746
87394
88041
88687
89306
89966
90626
91241
91915
92546
93193
93826
94490
95133
95797
96415
97071
97710
98346
99001
99658
100298
100938
101553
102207
102826
103466
104113
104741
105385
106033
106663
107290
107926
109145
110378
111050
111731
112345
112966
113658
114279
114906
115522
116178
116789
117410
118038
118667
119337
128145
128783
129450
130077
130711
131329
131953
132581
133215
133818
134426
135057
135705
136326
136971
137609
138187
138823
139451
140089
140703
141323
141921
142527
143146
143793
144406
145033
145641
146281
146871
147505
148111
148769
149362
150001
150598
151198
151833
152471
153078
153683
154311
154911
155537
156165
156761
157367
157994
158649
159247
159854
160481
161115
161703
162322
162942
163543
164190
164829
165409
166023
166665
167263
167906
168537
169125
169693
170326
170917
171618
172221
172798
173406
174026
174593
175209
175829
176498
177062
177650
178286
178915
179509
180115
180725
181337
181941
182530
183127
183751
184337
184946
185550
186162
186758
187374
187935
188537
189166
189785
190358
190985
191583
192183
192806
193425
194039
194638
195255
195851
196470
197021
197645
198202
198790
199402
199993
200610
201229
201813
202457
203041
203633
204250
204847
205449
206575
207199
207821
208419
208985
209617
210215
210849
211415
212038
212661
213281
213847
214442
215066
215641
216222
216849
217470
218065
218639
219242
219894
220454
221069
221687
222329
222918
223447
224103
224705
225286
225863
226465
227099
227710
228286
228889
229511
230114
230710
231306
231919
232547
233105
233711
234321
234897
235485
236119
236750
237345
237917
238518
239143
239753
240311
240946
241525
242170
242741
243361
244006
244567
245175
245793
246410
247007
247577
248222
248817
249418
249997
250630
251206
251817
252421
253025
253606
254233
254851
255483
256118
256699
257257
257873
258462
259066
259631
260275
260871
261482
262033
262663
263250
263843
264414
265043
265655
266186
266767
267354
267976
268523
269078
269682
270282
270882
271447
272096
272650
273258
273838
274472
275096
275682
276247
276848
277464
278084
278682
279202
279816
280412
281016
281627
282194
282784
283416
284034
284584
285163
285751
286350
286944
287546
288102
288728
289320
289922
290482
291088
291686
292288
292823
293463
294039
294643
295215
295831
296432
297027
297576
298179
298746
299968
300618
301243
301838
302448
303024
303620
304208
304780
305406
305996
306554
307131
307744
308352
308960
309530
310114
310714
311296
311920
312512
313107
313686
314275
314884
315450
316071
316650
317214
317839
318418
319003
319648
320183
320754
321383
321967
322538
323144
323720
324320
324903
325507
326079
326696
327274
327880
328455
329040
329692
330246
330859
331412
332031
332602
333183
333784
334402
335008
335571
336166
336762
337336
337906
338510
339122
339686
340258
340858
341439
342032
342610
343144
343784
344391
344955
345536
346136
346746
347303
347904
348482
349080
349666
350256
350850
351422
351995
352607
353202
353768
354347
354935
355562
356170
356746
357335
357952
358511
359100
359650
360290
360790
361418
361999
362623
363175
363770
364374
364946
365526
366108
366714
367296
367888
368475
369047
369602
370195
370759
371343
371911
372471
373058
373648
374258
374830
375359
375998
376562
377134
377746
378342
378914
379490
380048
380626
381208
381746
382339
382912
383520
384054
384667
385242
385818
386375
386976
387555
388135
388690
389271
389856
390455
391024
391592
392151
392772
393328
393947
394538
395159
395720
396355
396904
397487
398062
398648
399242
399867
400426
401018
401590
402218
402810