9964
10493
11064
11581
12181
12809
13372
13912
14477
15103
15653
16245
16863
17441
17988
18640
19199
19824
20375
20943
21496
22041
22597
23153
23743
24303
24895
25471
26015
26608
27147
27705
28301
28881
29431
30017
30572
31161
31749
32287
32837
33415
33981
34537
35120
35680
36213
36791
37360
37977
38492
39033
39612
40216
40735
41320
41924
42464
43039
43571
44143
44725
45275
45805
46379
47000
47535
48085
48621
49193
49731
50312
50893
51448
52013
52576
53156
53739
54279
54839
55412
55976
56523
57105
57645
58200
58783
59327
59912
60447
61015
61565
62157
62720
63276
63848
64399
64965
65543
66115
66645
67249
67780
68319
68860
69463
70008
70585
71125
71704
72253
72764
73352
73887
74467
75008
75575
76144
76691
77237
77791
78313
78907
79461
80007
80589
81149
81695
82288
82832
83412
83973
84541
85108
85656
86217
86783
87352
87912
88513
89077
89632
90197
90760
91335
91901
92484
93045
93605
94133
94700
95265
95820
96391
96981
97537
98095
98681
99223
99785
100315
100913
101444
102012
102567
103125
103701
104272
104811
105400
105932
106477
107008
107631
108192
108699
109253
109912
110397
110965
111509
112079
112655
113224
113791
114319
114887
115431
115997
116567
117103
117655
118227
118797
119375
119921
120475
121031
121607
122160
122709
123281
123855
124393
124925
125520
126093
126621
127215
127799
128348
128903
129453
130033
130573
131160
131699
132253
132820
133373
133944
134503
135060
135653
136205
136752
137339
137927
138444
139029
139604
140183
140732
141287
141869
142424
142948
143547
144117
144649
145231
145780
146344
146923
147472
148057
148591
149141
149699
150249
150812
151405
151976
152519
153088
153607
154195
154777
155365
155920
156463
157048
157621
158175
158752
159361
159892
160415
160984
161557
162119
162679
163216
163824
164360
164893
165493
166037
166588
167144
167693
168261
168836
169381
169940
170503
171080
171647
172221
172741
173316
173869
174440
175001
175572
176167
176676
177264
177799
178296
178909
179440
180005
180573
181111
181677
182232
182773
183320
183847
184420
185005
185536
186088
186647
187213
187797
188324
188915
189487
189992
190557
191135
191688
192237
192791
193347
193897
194455
194997
195575
196120
196704
197231
197815
198383
198931
199512
200077
200637
201183
201781
202309
202873
203423
204007
204532
205087
205684
206208
206781
207345
207887
208459
209015
209539
210107
210679
211247
211776
212345
212879
213455
213997
214576
215109
215669
216217
216796
217349
217908
218517
219056
219567
220132
220696
221253
221813
222367
222961
223521
224048
224597
225183
225749
226304
226855
227433
227957
228487
229080
229600
230167
230724
231309
231847
232435
232992
233620
234132
234703
235267
235821
236417
236975
237495
238068
238641
239173
239749
240276
240857
241437
242017
242547
243087
243661
244223
244829
245383
245967
246479
247037
247599
248152
248671
249276
249841
250420
250993
251564
252109
252680
253280
253804
254399
254983
255544
256063
256628
257181
257785
258309
258925
259453
259987
260589
261149
261705
262285
262863
263429
263999
264547
265109
265683
266245
266801
267352
267928
268477
269085
269628
270228
270775
271335
271863
272431
272983
273592
274143
274677
275271
275817
276372
276928
277479
278072
278628
279197
279747
280373
280935
281492
282015
282672
283188
283728
284288
284885
285396
285956
286503
287113
287589
288135
288663
289233
289823
290357
290865
291416
292003
292543
293095
293688
294237
294733
295260
295840
296397
296973
297512
298088
298648
299201
299744
300336
300860
301409
301956
302509
303119
303657
304196
304759
305328
305861
306391
306975
307540
308089
308640
309223
309756
310312
310867
311407
311981
312528
313109
313616
314173
314712
315259
315800
316372
316917
317493
318040
318600
319165
319693
320277
320823
321360
321935
322457
323016
323548
324112
324657
325228
325761
326348
326893
327488
327985
328551
329117
329653
330235
330800
331336
331909
332445
333000
333536
334125
334664
335205
335781
336331
336832
337408
337952
338520
339048
339620
340149
340723
341269
341823
342352
342943
343497
344036
344568
345156
345681
346239
346763
347372
347907
348484
348988
349615
350145
350669
351261
351821
352364
352907
353477
354013
354551
355112
355689
356219
356733
357317
357857
358396
358945
359491
360064
360600
361135
361668
362253
362775
363289
363871
364423
364976
365541
366051
366641
367117
367641
368199
368783
369284
369809
370325
370909
371515
372033
372519
373072
373628
374128
374676
375263
375783
376384
376901
377465
378039
378585
379111
379681
380197
380760
381316
381872
382427
382929
383463
384007
384557
385079
385615
386171
386725
387240
387791
388359
388927
389431
389997
390559
391116
391640
392183
392733
393317
393841
394367
394933
395475
395983
396573
397137
397672
398213
398767
399263
399872
400383
400948
401487
402059
402557
403108
403680
404232
404744
405317
405879
406407
406984
407493
408035
408564
409077
409589
410112
410645
411187
411677
412216
412756
413293
413832
414399
414923
415440
415988
416555
417052
417587
418172
418703
419237
419785
420317
420841
421407
421944
422492
423049
423571
424096
424663
425228
425771
426296
426805
427369
427917
428451
429019
429495
430117
430677
431187
431727
432301
432840
433405