252
927
1571
2243
2898
3550
4172
4820
5477
6140
6774
7435
8079
8695
9334
9973
10615
11266
11904
12563
13205
13826
14467
15124
15775
16415
17061
17711
18336
18973
19647
20350
20976
21614
22258
22917
23539
24204
24855
25492
26154
26804
27454
28103
28747
29372
30023
30675
31325
31941
32608
33250
33879
34541
35203
35902
36532
37141
37794
38426
39118
39732
40338
40981
41641
42320
42980
43578
44229
44901
45544
46178
46805
47434
48077
48766
49409
50051
50690
51314
51928
52580
53243
53891
54557
55203
55866
56497
57122
57759
58421
59022
59652
60318
60952
61588
62231
62843
63490
64189
64846
65482
66135
66759
67416
68069
68713
69368
69999
70665
71292
71949
72579
73229
73872
74511
75162
75796
76448
77106
77739
78371
79017
79629
80266
80902
81567
82238
82866
83504
84146
84804
85445
86075
86730
87397
88002
88658
89295
89888
90546
91177
91844
92498
93113
93733
94390
95050
95676
96338
96959
97600
98308
98951
99585
100185
100816
101437
102105
102715
103341
104013
104631
105260
105928
106562
107223
107831
108474
109143
109748
110384
111019
111671
112314
112935
113597
114230
114860
115489
116134
116768
117392
118026
118667
119316
119953
120567
121224
121805
122405
122998
123741
124387
125008
125623
126286
126917
127550
128179
128795
129449
130073
130722
131352
131957
132572
133225
133899
134568
135187
135849
136461
137095
137718
138319
138971
139624
140249
140826
141459
142102
142765
143393
144033
144626
145241
145922
146547
147203
147819
148476
149113
149742
150401
151015
151659
152300
152936
153545
154193
154802
155449
156052
156695
157350
157995
158619
159234
159874
160441
161125
161775
162412
163029
163660
164286
164930
165555
166184
166823
167471
168088
168717
169364
169985
170614
171241
171894
172534
173152
173781
174425
175062
175683
176301
176964
177577
178201
178828
179479
180127
180744
181380
182018
182666
183284
183912
184549
185178
185832
186452
187085
187725
188354
188971
189619
190260
190893
191531
192162
192789
193431
194048
194685
195314
195940
196559
197203
197833
198460
199079
199727
200373
200999
201620
202256
202892
203526
204154
204793
205433
206061
206691
207333
207936
208582
209212
209841
210483
211084
211713
212344
212980
213603
214237
214853
215455
216074
216712
217350
217978
218593
219200
219856
220497
221133
221733
222367
222987
223599
224209
224862
225472
226111
226764
227397
228029
228652
229263
229880
230551
231138
231757
232384
233031
233612
234209
234839
235449
236075
236667
237300
237924
238521
239123
239749
240413
240992
241613
242243
242867
243473
244075
244698
245324
245930
246531
247142
247768
248383
248977
249591
250217
250840
251463
252083
252705
253341
253967
254578
255225
255852
256461
257091
257705
258335
258923
259531
260151
260756
261400
262029
262705
263325
263965
264512
265125
265730
266371
267019
267661
268281
268948
269586
270206
270828
271447
272072
272685
273319
273874
274493
275098
275724
276348
276995
277636
278253
278860
279469
280112
280757
281394
282006
282608
283245
283877
284488
285087
285759
286411
286983
287602
288231
288854
289502
290114
290767
291379
292037
292650
293331
293932
294550
295154
295770
296387
297050
297661
298362
299002
299635
300267
301027
301681
302400
303037
303662
304308
304918
305535
306154
306807
307432
308064
308644
309364