1816
3132
4372
5595
6823
8055
9224
10475
11637
12844
13997
15244
16416
17631
18805
19959
21121
22267
23463
24683
25928
27132
28317
29501
30665
31868
33021
34180
35425
36621
37812
38987
40175
41377
42521
43679
44917
46112
47276
48495
49729
50907
52069
53261
54397
55621
56796
57981
59159
60373
61543
62719
63977
65171
66368
67596
68807
70039
71191
72415
73576
74812
76023
77204
78429
79588
80793
81981
83204
84416
85613
86764
87957
89136
90320
91461
92703
93941
95117
96348
97488
98669
99869
101125
102285
104709
105839
106983
108204
109304
110501
111716
112897
114045
115245
116463
117628
118804
119996
121228
122415
123595
124744
125917
127079
128256
129423
130540
131769
132869
134045
135231
136381
137557
138781
139963
141073
142188
143360
144504
145633
146779
147943
149087
150215
151317
152472
153587
154735
155819
156984
158101
159181
160309
161399
162483
163637
164707
165841
166929
168060
169144
170261
171333
172444
173557
174671
175797
176903
178020
179132
180269
181388
182483
183636
184776
185905
186983
188081
189195
190311
191445
192557
193687
194799
195917
197076
198203
199296
200388
201541
202748
203887
205023
206173
207308
208432
209587
210759
211909
213081
214173
215332
216461
217687
218824
220060
221211
222345
223455
224621
225740
226861
228019
229145
230295
231419
232539
233677
234753
235919
236984
238128