1454
2263
3007
3727
4439
5150
5878
6556
7318
8034
8734
9464
10199
10914
11631
12351
13072
13779
14520
15246
15948
16722
17424
18147
18836
19630
20360
21070
21772
22511
23212
23928
24674
25416
26119
26858
27552
28258
29028
30455
31228
31944
32640
33386
34088
34786
35527
36243
36955
37706
38442
39159
39888
40635
41327
42059
42790
43486
44238
44987
45704
46418
47174
47890
48631
49386
50772
51590
52279
53008
53736
54439
55183
55895
56619
57376
58110
58866
59540
60246
61038
61747
62462
63226
63944
64666
65359
66095
66796
67512
68231
68946
69664
70384
71110
71790
72535
73234
73912
74651
75336
76046
76771
77487
78215
78972
79695
80407
81127
81879
82599
83311
84036
84760
85536
86287
87015
87727
88452
89142
89887
90562
91280
91995
92748
93472
94186
94912
95666
96398
98662
99415
100143
100826
101592
102315
103032
103695
104438
105159
105903
106600
107319
108030
108748
109455
110160
110896
111606
112328
113032
113738
114462
115199
115910
116614
117358
118087
118767
119487
120199
120927
121656
122390
123110
123855
124551
125267
125996
126712
127407
128143
128886
129594
130268
130998
131750
132472
133168
133871
134646
135336
136086
136787
137498
138259
138966
139686
140391
141155
141928
142624
143350
144083
144816
145539
146247
146987
147740
148458
149188
149922
150623
151362
152070
152816
153544
154267
155018
155743
156470
157170
157902
158624
159310
160052
160794
161520
162228
162970
163676
164408
165167
165879
166580
167335
168058
168790
169511
170231
170954
173952
174684
175439
176132
176872
177575
178314
179020
179695
180423
181144
181871
182559
183288
184007
184716
185443
186176
186895
187602
188322
189036
189747
190496
191208
191900
192615
193364
194070
194790
195538
196224
196951
197680
198392
199096
199830
200556
201296
202028
202762
203488
204187
204910
205654
206384
207090
207812
208522
209231
209944
210679
211384
212102
212816
213548
214243
215063