840
1853
2808
3797
4763
5769
6700
7687
8643
9655
10633
11587
12562
13512
14473
15448
16460
17401
18329
19251
20199
21138
22062
22999
23937
24888
25814
26758
27667
28596
29551
30468
31421
32315
33269
34196
35109
36040
36987
37936
38853
39780
40728
41672
42606
43593
44572
45564
46537
47527
48491
49462
50428
51438
52415
53383
54370
55361
56369
57336
58276
59254
60233
61196
62172
63150
64129
65068
65996
66964
67898
68846
69759
70701
71626
72558
73487
74410
75332
76282
77233
78136
79081
80033
80991
81919
82850
83789
84746
85670
86631
87547
88498
89419
90358
91292
92225
93164
94113
95045
95985
96994
97902
98842
99768
100744
101710
102673
103643
104583
105557
106584
107508
108507
109452
110401
111367
112296
113237
114147
115097
116035
116960
117895
118823
119737
120654
121592
122496
123437
124354
125299
126228
127156
128087
128990
129915
130846
131825
132811
133771
134726
135692
136639
137590
138581
139573
140515
141461
142406
143425
144374
145323
146332
147283
148240
149190
150132
151079
152021
152966
153906
154831
155739
156675
157624
158594
159534
160431
161352
162275
163221
164144
165066
165987
166924
167897
168864
169841
170767
171775
172708
173663
174635
175607
176598
177526
178470
179467
180419
181398
182345
183331
184305
185261
186189
187119
188055
188987
189926
190871
191806
192733
193671
194610
195544
196480
197412
198269
199252
200197
201118
202027
202978
203886
204845
205762
206688
207767
208657
209603
210609
211571
212494
213389
214414
215374
216406
217334
218374
219278
220242
221216
222185
223112
224062
225011
225908
226875