575
1101
1721
2363
2959
3593
4225
4857
5463
6131
6746
7386
8001
8642
9281
9913
10498
11130
11730
12402
13007
13659
14250
14931
15537
16199
16807
17450
18089
18725
19350
20009
20609
21257
21914
22533
23126
23785
24386
25042
25663
26301
26951
27579
28183
28817
29495
30075
30686
31341
31986
32601
33182
33833
34494
35099
35754
36370
37018
37658
38281
38937
39529
40193
40790
41475
42126
42738
43350
43977
44618
45274
45863
46513
47178
47794
48426
49079
49714
50363
50958
51629
52266
52897
53543
54185
54806
55474
56093
56751
57369
58042
58639
59289
59937
60607
61217
61865
62479
63123
63737
64395
65014
65663
66254
66979
67574
68210
68847
69497
70143
70791
71373
72047
72711
73327
73949
74657
75257
75939
76545
77179
77822
78463
79090
79779
80349
80985
81609
82325
82935
83567
84239
84883
85497
86085
86717
87353
87970
88595
89250
89914
90525
91163
91802
92453
93142
93767
94370
95033
95677
96330
96929
97603
98242
98867
99474
100121
100770
101409
102001
102706
103293
103986
104594
105207
105882
106506
107111
107786
108455
109098
109742
110354
110999
111649
112258
112897
113543
114203
114854
115493
116161
116846
117470
118126
118782
119394
120046
120747
121353
121983
122618
123263
123914
124586
125159
125818
126490
127103
127738
128419
129034
129674
130265
130939
131593
132223
132894
133498
134127
134759
135389
136051
136687
137343
137943
138645
139254
139898
140511
141182
141811
142439
143066
143761
144425
145066
145654
146323
146953
147595
148230
148875
149521
150197
150801
151461
152097
152702
153319
154015
154647
155285
155913
156571
157214
157851
158471
159129
159742
160431
161037
161661
162301
162981
163590
164207
164878
165483
166099
166747
167378
167993
168675
169295
169927
170573
171226
171854
172518
173161
173775
174442
175033
175723
176385
177041
177655
178299
178941
179615
180238
180907
181551
182229
182801
183529
184175
184842
185454
186106
186767
187418
188033
188713
189353
190009
190657
191290
191874
192562
193199
193866
194474
195154
195746
196433
197049
197697
198314
198977
199610
200257
200889
201546
202170
202858
203466
204122
204767
205417
206050
206722
207361
208051
208634
209331
209954
210623
211223
211922
212535
213147
213774
214445
215046
215722
216334
216959
217585
218217
218846
219522
220143
220813
221410
222074
222686
223361
223985
224653
225269
225953
226567
227223
227851
228515
229151
229810
230430
231091
231729
232393
233007
233689
234293
234962
235637
236282
236911
237570
238183
238851
239494
240151
240783
241457
242102
242745
243346
244058
244670
245353
245967
246679
247314
247989
248599
249295
249943
250607
251242
251927
252542
253243
253887
254561
255193
255867
256543
257241
257903
258579
259254
259929
260534
261234
261910
262531
263170
263873
264557
265249
265855
266521
267198
267867
268499
269162
269817
270489
271137
271818
272490
273187
273799
274499
275153
275842
276449
277139
277822
278427
279086
279797
280422
281055
281719
282389
283030
283733
284351
285058
285719
286369
286994
287674
288301
289021
289625
290327
291018
291661
292287
292973
293617
294323
294927
295618
296263
296945
297558
298221
298887
299546
300185
300859
301527
302199
302818
303482
304146
304825
305471
306161
306825
307482
308114
308801
309487
310105
310762
311417
312106
312781
313418
314089
314730
315409
316046
316714
317406
318049
318686
319345
320007
320706
321319
321986
322690
323321
323959
324634
325306
325969
326649
327286
327946
328617
329251
329929
330630
331257
331933
332629
333273
333895
334593
335234
335919
336549
337153
337833
338473
339135
339781
340483
341094
341778
342399
343101
343734
344439
345046
345747
346362
347042
347726
348383
349070