2846
3431
4034
4623
5203
5795
6374
6935
7566
8143
8745
9301
9890
10453
11057
11710
12286
12902
13474
14053
14666
15238
15822
16414
17001
17593
18150
18727
19321
19903
20479
21061
21639
22259
22846
23431
24046
24655
25330
25942
26535
27119
27730
28305
28889
29477
30047
30645
31218
31785
32374
32965
33526
34129
34710
35303
35873
36462
37047
37607
38201
38789
39358
39919
40497
41086
41663
42237
42810
43407
43966
44565
45167
45718
46311
46862
47455
48033
48617
49153
49746
50341
50921
51509
52086
52663
53255
53815
54383
54941
55545
56119
56698
57286
57855
58433
59025
59623
60174
60751
61322
61886
62462
63025
63603
64183
64750
65343
65937
67203
67830
68415
69026
69574
70130
70697
71287
71854
72450
73013
73606
74158
74735
75303
75874
76445
77025
77609
78190
78751
79322
79907
80475
81055
81625
82193
82809
83363
83922
84486
85070
85663
86235
86822
87407
87993
88577
89137
89710
90294
90858
91415
92015
92598
93159
93735
94311
94870
95458
96047
96626
97205
97783
98350
98925
99489
100061
100625
101195
105338
105871
106438
107030
107607
108191
108793
109347
109945
110533
111110
111675
112265
112827
113407
114013
114622
115173
115746
116329
116905
117477
118055
118623
119185
119767
120322
120909
121514
123959
124554
125121
125698
126279
126870
127437
127990
128545
129146
129749
130326
130886
131494
132033
132618
133201
133793
134382
134943
135543
136110
136678
137251
137813
138406
138974
139574
140181
142671
143306
143885
144471
145067
145642
146214
146797
147374
147969
148559
149118
149729
150303
150871
151490
152054
152627
153179
153798
154341
154942
155489
156062
156605
157211
157749
161578
162086
162711
163286
163858
164431
165026
165631
166201
166793
167361
167943
168521
169113
169683
170278
170842
171455
172015
172615
173191
173791
174362
174903
175453
176103
176645
177242
177770
178378
178938
179534
180082
180665
181242
181826
182397
183018
183569
184155
184703
185298
185875
186455
187007
187606
188193
188757
189291
189889
190490
191049
191601
192186
192778
193318
193882
194474
195058
195594
196173
196782
197321
197870
198461
199073
199634
200187
200745
201345
201922
202470
203026
203575
204186
204734
205313
205897
206474
207041
207602
208186
208753
209330
209882
210482
211019
211603
212149
212710
213315
213867
214418
214978
215554
216118
216698
217274
217831
218393
219002
219535
220138
220625
221227
221766
222353
222910
223535
224079
224659
225214
225810
226378
226939
227505
228114
228686
229277
229825
230418
230977
231537
232110
232731
235059
235654
236233
236831
237426
237985
238557
239130
239721
240298
240885
241426
241979
242577
243146
243730
244306
244897
245445
246050
246626
247169
247731
248326
248877
249465
250009
253698
254226
254827
255410
255974
256559
257126
257711
258290
258857
259446
260017
260577
261171
261722
262322
262873
263474
264013
264625
265201
265771
266321
266922
267477
268078
268633
272367
272870
273455
274054
274598
275205
275785
276371
276934
277483
278095
278701
279227
279822
280383
280941
281518
282102
282671
283261
283825
284417
284961
285565
286095
286667
287271
290925
291513
292107
292701
293253
293853
294431
294997
295565
296154
296695
297314
297850
298461
299072
299683
300221
300810
301357
301953
302525
303119
303710
304289
304846
305429
306019
306583
307165
307758
308365
308969
309526
310150
310710
311302
311870
312462
313043
313622
314191
314762
315323
315911
316478
317065
317653
318221
318799
319397
319974
320553
321207