3135
3758
4390
4964
5503
6106
6688
7290
7847
8456
9018
9635
10224
10835
11419
12032
12592
13195
13784
14363
14967
15571
16151
16772
17322
17930
18506
19104
19656
20250
20832
21432
21967
22580
23170
23722
24311
24883
25467
26060
26631
27192
27819
28411
28963
29552
30114
30708
31246
31855
32440
33052
33592
34212
34800
35412
36043
36610
37192
37768
38328
38926
39526
40092
40655
41242
41815
42404
42979
46008
46636
47216
47762
48346
48964
49547
50083
50664
51282
51848
52448
53040
53664
54230
54819
55410
56043
56608
57192
57795
58402
59000
59578
60175
60768
61351
61904
62487
63088
63687
64243
64818
65431
66035
66579
67167
67758
68336
68890
69488
70076
70671
71234
71822
72416
72999
73560
74158
74747
75342
75899
76522
77106
78318
78892
79498
80087
80640
81235
81807
82384
82946
83547
84127
84704
85255
85843
86394
86986
87559
88144
88742
89328
89851
90402
90966
91534
92088
92666
93259
93800
94359
94947
95498
96046
96602
97175
97750
98340
98856
99416
99968
100538
101072
101634
102208
102770
103327
103867
104467
105018
105568
106123
106683
107288
107800
108351
108914
112811
113524
114078
114644
115211
115778
116335
116882
117459
118050
118574
119144
119674
120242
120796
121355
121931
122475
123019
123568
124132
124707
125243
125795
126342
126915
127443
128026
128595
129150
129716
130280
130854
131416
131998
132556
143275
143759
144290
144831
145363
145886
146414
146948
147486
148020
148543
149094
149643
150182
150714
151271
151854
152360
152915
153455
153992
154504
155059
155600
156127
156678
157210
157740
158270
158804
159362
159920
160422
160950
161470
162006
162544
163084
163614
164179
164671
165202
165726
166287
166787
167351
167920
168472
168998
169527
170066
170611
171154
171672
172239
172775
173318
173828
174374
174927
175430
175980
176534
177052
177642
180532
181090
181600
182148
182654
183219
183736
184263
184780
185323
185844
186399
186928
187472
187998
188554
189054
189590
190095
190647
191176
191727
192255
192770
193286
193810
194371
194910
195391
195943
196467
196982
197484
197996
198463
199064
199582
200146
200664
201183
201692
202214
202782
203274
203791
204306
204831
205342
205854
206370
206911
207414
207943
208491
209062
209515
210056
210538
211094
211591
212100
212638
213174
213671
214230
214720
215262
215776
216307
216867
217376
217883
218415
218952
219478
220027
220524
221070
221576
222115
222636
223176
223704
224224
224740
225295
225852
226367
226879
227431
227956
228498
229032
229531
230087
230606
231136
231671
232211
232719
233240
233774
234304
234840
235363
235864
236439
236958
237496
238011
238560
239103
239599
240102
240646
241159
241687
242240
242766
243310
243815
244370
244884
245470
245951
246482
247023
247520
248056
248586
249124
249715
250183
250702
251244
251738
252284
252840
253384
253942
254478
255006
255579
256801
257358
257855
258352
258896
259399
259942
260440
260960
261483
261983
262522
263054
263552
264080
264602
265092
265624
266207
266702
267210
267711
268279
268790
269303
269816
270318
270886
271406
271915
272472
272967
273483
274026
274566
275082
275608
276122
276710
277200
277708
278194
278727
279274
279792
280310
280862
281371
281886
282411
282967
283462
283976
284514
285038
285560
286067
286594
287134
287680
288183
288694
289230
289727
290278
290799
291355
291872
292388