904
1641
2378
3088
3839
4523
5273
5938
6661
7371
8088
8797
9479
10137
10861
11550
12212
12953
13679
14390
15057
15778
16509
17189
17856
18545
19333
19995
20709
21369
22068
22769
23481
24195
24894
25638
26315
27046
27763
28406
29080
29773
30524
31266
31909
32624
33337
34034
34764
35460
36162
36852
37567
38268
39009
39674
40391
41042
41729
42452
43166
43822
44563
45261
45955
46654
47418
48116
48779
49486
50170
50896
51603
52269
52953
53687
54356
55066
55803
56455
57140
57821
58534
59244
59973
60629
61319
62067
62772
63458
64135
64860
65530
66263
67003
67631
68331
69016
69716
70431
71169
71847
72556
73217
73895
74612
75330
76012
76729
77469
78127
78839
79516
80259
80914
81641
82347
83030
83745
84436
85115
85859
86506
87225
87887
88590
89297
89975
90709
91383
92118
92845
93540
94228
94965
95680
96340
97055
97763
98489
99168
99859
100572
101283
102007
102684
103434
104116
104838
105528
106258
106928
107619
108325
109031
109697
110374
111109
111800
112516
113209
113845
114589
115315
115969
116666
117382
118074
118778
119434
120169
120871
121524
122230
122933
123700
124368
125088
125812
126480
127195
127884
128542
129322
130001
130701
131350
132035
132797
133494
134187
134857
135658
136370
137011
137711
138409
139203
139932
140626
141396
142131
142837
143436
144185
144875
145607
146352
147012
147733
148472
149220
149940
150679
151403
152088
152841
153582
154293
155020
155776
156501
157210
157922
158642