10180
10767
11364
11931
12513
13071
13677
14271
14821
15388
15993
16567
17164
17749
18349
18911
19516
20076
20669
21239
21857
22464
23041
23608
24223
24783
25380
25947
26571
27203
27773
28341
28949
29557
30124
30731
31352
31935
32533
33127
33713
34325
34889
35487
36123
36696
37273
37869
38476
39117
39683
40276
40881
41492
42125
42717
43259
43855
44461
45053
45612
46236
46803
47403
47976
48579
49148
49724
50289
50900
51499
52109
52685
53253
53841
54431
54968
55548
56164
56743
57289
57900
58531
59109
59705
60287
60881
61455
62009
62621
63157
63783
64348
64941
65497
66111
66715
67292
67883
68485
69025
69615
70244
70819
71421
71976
72593
73195
73760
74365
74923
75591
76123
76741
77348
77923
78497
79087
79667
80284
80832
81435
82007
82616
83211
83816
84389
84980
85572
86148
86765
87367
87963
88565
89123
89708
90289
90939
91515
92125
92708
93285
93885
94495
95047
95653
96251
96823
97411
98024
98571
99156
99723
100383
100911
101488
102081
102677
103284
103901
104444
105048
105635
106195
106788
107351
107973
108548
109113
109700
110301
110911
111520
112092
112716
113301
113912
114492
115073
115677
116235
116804
117405
117973
118541
119141
119737
120355
120913
121491
122123
122688
123293
123892
124493
125057
125671
126253
126844
127437
128035
128640
129213
129791
130396
131007
131605
132180
132741
133349
133947
134551
135149
135755
136325
136943
137544
138149
138763
139340
139932
140525
141149
141749
142325
142892
143541
144108
144699
145303
145901
146525
147124
147719
148308
148900
149456
150063
150663
151276
151888
152460
153075
153677
154259
154883
155467
156052
156635
157277
157841
158467
159060
159647
160241
160819
161425
162029
162637
163252
163829
164431
165027
165616
166187
166772
167357
167943
168540
169141
169709
170299
170887
171509
172093
172727
173276
173887
174489
175083
175660
176248
176859
177432
177981
178565
179195
179763
180328
180917
181532
182132
182772
183340
183936
184517
185089
185725
186307
186928
187497
188068
188640
189292
189859
190479
191076
191644
192204
192789
193453
194005
194571
195159
195777
196365
196939
197549
198097
198751
199325
199905
200469
201103
201684
202283
202927
203520
204085
204684
205249
205919