61367
61989
62603
63208
63847
64475
65095
65724
66341
66971
67595
68204
68817
69451
70075
70720
71353
72016
72693
73217
73904
74553
75217
75771
76451
77100
77723
78299
78951
79596
80249
80857
81513
82155
82795
83381
84043
84699
85281
85899
86555
87193
87841
88452
89088
89737
90381
90960
91603
92243
92867
93497
94136
94809
95473
96048
96680
97305
97971
98505
99145
99787
100409
101011
101664
102307
102943
103508
104164
104817
105465
106035
106695
107315
107957
108544
109200
109843
110505
111089
111736
112408
113048
113603
114272
114924
115497
116116
116767
117395
118043
118649
119299
119944
120567
121168
121824
122476
123083
123673
124285
124901
125515
126131
126740
127355
127927
128528
129171
129800
130427
131044
131668
132304
132903
133511
134123
134788
135435
136043
136647
137305
137897
138523
139160
139803
140409
141000
141639
142280
142911
143500
144153
144808
145455
145988
146648
147324
147929
148533
149153
149819
150448
151033
151689
152345
152984
153553
154197
154851
155456
156108
156688
157349
157928
158553