6316
6961
7644
8291
8977
9634
10312
11126
11784
12415
13094
13757
14406
15061
15696
16415
17019
17707
18356
18985
19659
20299
20976
21620
22260
22949
23608
24302
24945
25611
26284
26983
27658
28263
28943
29594
30256
30900
31603
32289
32943
33572
34228
34895
35539
36154
36832
37497
38165
38817
39486
40140
40823
41468
42121
42773
43400
44033
44697
45368
46062
46683
47300
48013
48715
49364
50028
50716
51371
52052
52700
53363
54064
54692
55352
56027
56691
57333
57990
58637
59288
59955
60654
61313
61949
62620
63295
63962
64666
65347
65959
66656
67339
67980
68623
69283
69955
70603
71286
71957
72599
73239
73904
74587
75244
75900
76593
77269
77911
78596
79264
79940
80596
81251
81944
82610
83293
83909
84624
85268
85928
86554
87219
87887
88499
89142
89817
90500
91162
91835
92459
93133
93767
94421
95059
95755
96413
97053
97687
98345
99004
99678
100336
101007
101671
102290
102937
103675
104285
104975
105639
106362
107042
107732
108406
109085
109750
110393
111081
111769
112444
113128
113783
114470
115153
115838
116485
117170
117867
118504
119201
119906
120626
121265
121922
122618
123328
123976
124622
125339
126000
126670
127324
128041
128718
129360
130022
130688
131344
132042
132708
133351
134009
134673
135342
136015
136696
137338
137969
138650
139319
139962
140637
141305
141986
142645
143298
143945
144596
145244
145922
146602
147276
147927
148602
149231
149922
150547
151222
151928
152619
153275
153971
154659
155376
156020
156671
157381
158075
158755
159394
160081
160713
161412
162071
162725
163413
164072
164774
165444
166104
166765
167448
168135
168808
169491
170181
170859
171521
172184
172833
173509
174171
174815
175472
176134
176780
177451
178118
178799
179420
180092
180742
181393
182039
182691
183375
184060
184751
185374
186022
186699
187383
188050
188725
189376
190043
190677
191329
192016
192706
193403
194151
194808
195535
196199
196888
197605
198270
198947
199635
200331
201004
201701
202360
203088