388
1032
1719
2374
3051
3714
4379
5095
5707
6403
7066
7699
8330
9018
9698
10367
10986
11680
12320
13003
13636
14274
16544
17238
17892
18546
19200
19854
20531
21198
21858
22539
23234
23887
24512
25194
25866
26515
27179
27854
28542
29183
29848
30502
31172
31872
32522
33171
33851
34531
35162
35834
36499
39162
39952
40634
41331
41963
42658
43330
43963
44618
45300
45939
46628
47241
47956
48571
49996
50674
51330
52015
52648
53343
53988
54678
55332
55995
56611
57254
57915
58563
59358
60013
60668
61323
62001
62599
63235
63911
64587
65263
65939
66570
67215
67910
68559
69135
69851
70547
73324
73970
74630
75282
75971
76632
77295
77907
78527
79224
79879
80486
81122
81780
82480
83114
83815
84492
85120
85804
86443
87116
87758
88388
89050
89744
90359
91002
91646
92300
92682
93552
94304
94944
95586
96243
96918
97554
98242
98867
99543
100210
100838
101507
102170
102752
103463
104072
104738
105374
106038
106666
107299
107972
108630
109259
109907
110555
111210
111850
112502
113172
113826
114475
115122
115811
116439
117092
117735
118380
119030
119650
120279
120939
121600
122232
122899
123556
124208
124836
125499
126162
126808
127440
128103
128746
129387
130020
130663
131320
132018
132619
133247
133904
134583
135196
135834
136524
137178
137787
138398
139084
139730
140336
141019
141698
142370
143012
143670
144327
145015
145616
146312
146968
147608
148286
148952
149604
150266
150907
151602
152278
152930
153546
154232
154896
155550
156175
156855
157540
158206
158808
159498
160170
160831
161456
162136
164920
165586
166246
166872
167544
168210
168884
169491
170162
170839
171498
172132
172780
173431
174111
174743
175423
176096
176760
177362
178032
178679
179339
179946
180619
181296
181962
182587
183234
183886
184536
185168
185860
186519
187164
187795
188462
189106
189755
190374
191043
191675
192354
192975
193627
194256
194920
195567
196267
196911
197563
198184
198820
199458
200139
200738
201410
202066
202739
203370
204048
204776
205404
205990
206659
207351
208015
208638
209327
209998
210630
211287
211900
212575
213251
213866
214528
215199
215870
216480
217150
217810
218482
219083
219795
220459
221107
221714
222366
223072
223667
224320
224971
225667
226290
226886
227550
228200
228819
229419
230114
230735
231356
231994
232624
233239
233923
234519
235187
235842
236452
237051
237715
238338
239008
239643
240267
240902
241550
242218
242835
243495
244115
244751
245362
246043
246755