900
1596
2233
2851
3473
4140
4784
5412
6051
6703
7289
7908
8569
9227
9876
10504
11139
11797
12400
13016
13667
14324
14948
18919
19503
20133
20769
21397
22013
22683
23340
23917
24540
25205
25829
26429
27053
27717
28371
28960
29591
30237
30837
31476
32115
32765
33411
34032
34652
35276
35924
36541
37181
37789
38429
39052
39711
40352
40997
41621
42239
42900
46760
47364
48019
48653
49261
49899
50539
51191
51775
52403
53052
53675
54304
54916
55556
58235
58877
59513
60103
60704
61367
61996
62605
63241
63856
64441
65109
65700
66340
66971
67593
68219
68835
69483
70100
70676
71353
71960
72581
73187
73843
74425
75068
75667
76289
76944
79541
80176
80837
81447
82065
82683
83340
83985
84597
85235
85875
86481
87101
87707
88364
89003
89595
90243
90860
91488
92096
92735
93357
93983
94577
95200
95829
96475
97075
97716
98317
98948
99556
100184
100788
101443
102036
102680
103269
103905
104509
105144
105789
106387
107005
107623
108212
108867
109467
110099
110723
111308
111889
112521
113180
113803
114389
115027
115641
116260
116869
117499
118157
118763
119359
119960
120619
121256
121837
122464
123091
123700
124316
124936
125587
126227
126837
127440
128067
128660
129309
129916
130535
131141
131751
132348
132948
133584
134188
134824
135415
136033
136635
137216
137839
138444
139068
139641
140260
140905
141492
142056
142685
143315
143908
144523
145125
145764
146355
146955
147545
148161
148763
149337
149975
150579
151180
151808
152453
153036
153637
154241
154839
155455
156061
156657
157275
157871
158484
159091
159684
160321
160899
161507
162135
162720
163356
163945
164539
165181
165779
166379
166992
167619
169508
170100
170748
171352
171925
172529
173164
173785
174396
175017
175659
176269
176836
177424
178069
178705
179281
179907
180515
181120
181708
182321
182929
183545
184149
184811
185365
186012
186579
187175
187835
188443
189028
189633
190229
190876
191444
192060
192643
193259
193853
194456
195095
195717
196317
196905
197532
198129
198715
199312
199915
200544
201148
201768
202387
202963
203572
204177
204788
205395
205997
206576
207204
207803
208412
209012
209603
210241
210809
211433
212037
212657
213227
213868
214468
215083
215693
216251
216897
217500
218084
218709
219299
219907
220497
221108
221703
222327
222915
223489
224109
224717
225291
225912
226515
227136
227733
228320
228939
229556
230140
230720
231363
231971
232555
233188
233745
234375
234956
235547
236159
236736
237339
237923
238557
239163
239755
240361
240972
241584
242165
242776
243365
244003
244575
245177
245780
246379
246988
247576
248187
248795
249380
249969
250587
251177
251773
252361
253001
253612
254181
254780
255381
255996
256555
257161
257760
258355
258925
259523
260148
260744
261364
261955
262544
263145
263723
264332
264889
265512
266117
266697
267321
267919
268483
269064
269715
270308
270859
271475
272049
272608
273197
273801
274427
274985
275564
276164
276757
277337
277941
278524
279148
279736
280339
280929
281533
282113
282708
283292
283877
284465
285039
285641
286253
286832
287420
288012
288611
289188
289791
290379
290965
291556
292156
292777
293363
293939
294515
295096
295732
296319
296892
297489
298084
298724
299292
299889
300500
301084
301691
302291
302877
303484
304067
304713
305291
305859
306461
307044
307644
308259
308829
309417
309980
310576
311157
311775
312365
312944
313536
314149
314717
315315
315897
316508
317093
317683
318284
318868
319496
320089
320669
321267
321869
322468
323043
323651
324228
324808
325371
326004
326596
327175
327729
328345
328940
329544
330116
330708
331316
331924
332483
333099
333724
334284
334863
335451
336051
336641
337221
337777
338404
338996
339597
340177
340756
341387
341973
342523
343120
343723
344339
344892
345476
346097
346676
347273
347860
348441
349012
349584
350156
350763
351331
351904
352492
353096
353692