1218
2370
3391
4426
5489
6594
7721
8786
9850
10881
11950
13009
14022
15091
16130
17193
18290
19346
20458
21522
22631
23730
24818
25857
26930
27983
29071
30138
31218
32293
33447
35687
36751
37730
38825
39874
40895
41978
43099
44114
45138
46211
47201
48313
49353
50401
51462
52531
53553
54595
55650
56697
57729
58809
59887
65367
66446
67470
68531
69527
70611
71679
72739
73775
74815
75882
84979
86054
87149
88223
89275
90374
91445
92533
93539
94607
95650
96766
97790
98798
99919
100981
102022
103061
104155
105193
106262
107342
108437
109435
110522
111630
112661
113739
114805
115859
116958
118023
119099
120163
121165
122330
123362
124427
125501
126575
127589
128661
129755
130830
131899
132934
134021
135078
136114
137231
138285
139343
140357
144781
145806
146861
147893
148927
149917
150990
152051
153133
154179
155239
156259
157319
158361
159381
160486
161494
170615
171673
172662
173721
174731
175798
176798
177857
178855
179897
180901
181959
182966
183999
185066
186038
187037
188078
189131
190137
191154
192217
193254
194262
195245
196282
197357
198359
199406
200462
201501
202519
203515
204585
205605
206689
207694
212039
213006
214086
215083
216127
217171
218213
219218
220235
221337
222351
223417
224414
225467
226527
227549
228605
229626
230717
231757
232821
233846
234845
235909
236925
237993
239038
240035
241110
242149
243223
244302
245317
246365
247357
248393
249447
250453
251525
252569
253581
254653
255710
256771
257823
258881
259953
261062
262050
263133
264198
265266
266317
267387
268467
269482
270533
271613
272683
273726
274758
275835
276845
277910
278935
279949
280997
282043
283077
284131
285159
286218
287285
288349
289409
290446
291487
292590
293649
294682
295771
296865
297910
298965
300007
301111
302174
303195
304269
306432
307511
308590
309669
310951
311778