5260
5876
6514
7158
7790
8486
9094
9756
10383
11036
11679
12328
12958
13616
14236
14903
15506
16184
16814
17448
18055
18723
19363
20032
20647
21290
21922
22559
23206
23816
24486
25095
25714
26374
27026
27655
28262
28896
29562
30196
30766
31396
32043
32662
33292
33935
34570
35184
35834
36478
37142
37748
38390
39016
39667
40302
40907
41508
42151
42780
43402
44032
44699
45334
45926
46568
47207
47836
48431
49088
49715
50340
50955
51583
52219
52856
53446
54076
54763
55399
55980
56618
57252
57878
58455
59112
59756
60372
60963
61598
62203
62840
63446
64080
64684
65298
65924
66542
67196
67812
68419
69039
69658
70300
70894
71526
72191
72802
73396
74004
74676
75238
75826
76426
77060
77663
78274
78894
79535
80156
80735
81390
81998
82598
83191
83814
84439
85048
85647
86247
86838
87484
88108
88724
89342
89939
90572
91190
91739
92360
92988
93608
94198
94820
95459
96056
96668
97284
97910
98523
99163
99751
100363
100971
101582
102184
102796
103416
104022
104672
105358
106019
106643
107280
107891
108510
109155
109790
110394
111040
111684
112334
112927
113567
114210
114844
115410
116047
116639
117292
117927
118558
119186
119788
120396
121010
121619
122268
122858
123496
124139
124715
125303
125958
126579
127204
127795
128447
129091
129692
130299
130918
131542
132136
132734
133367
134011
134612
135223
135838
136476
137078
137678
138332
138948
139540
140134
140768
141398
142010
142612
143254
143882
144512
145068
145695
146351
146934
147523
148192
148783
149428
150028
150671
151308
151932
152523
153123
153820
154408
155000
155638
156247
156871
157459
158118
158716
159358
159954
160566
161254