259
1133
1927
2752
3600
4429
5228
6084
6920
7740
8597
9441
10287
11162
11990
12832
13699
14666
15373
16431
17333
18243
19084
19879
20736
21586
22413
23242
24124
24971
25804
26633
27500
28356
29190
30027
30886
31723
32588
33415
34247
35106
35926
36776
37652
38501
39325
40153
41002
41830
42693
43534
44378
45214
46061
46919
47737
48570
49403
50226
51075
51902
52747
53559
54410
55264
56100
56950
57781
58641
59499
60361
61192
62063
62901
63742
64570
65403
66239
67089
67958
68819
69667
70514
71374
72245
73097
73962
74814
75673
76536
77403
78271
79132
79976
80821
81701
82567
83420
84294
85162
85990
86846
87701
88587
89440
90303
91155
91996
92847
93706
94548
95335
96210
97082
97894
98754
99591
100446
101281
102152
102998
103812
104659
105482
106326
107184
108027
108856
109733
110596
111426
112288
113121
113966
114834
115697
116537
117393
118233
119090
119941
120786
121636
122486
123321
124170
125037
125878
126709
127576
128421
129250
130124
130977
131843
132680
133516
134385
135234
136087
136935
137806
138653
139513
140356
141225
142059
142892
143765
144618
145506
146391
147236
148111
149004
149876
150745
151586
152441
153290
154145
154987
155866
156713
157610
158472
159354
160186
161044
161898
162775
163650
164506
165360
166240
167122
167987
168834
169703
170588
171458
172303
173209
174086
174932
175779
176657
177529
178383
179257
180115
180951
181818
182655
183536
184388
185265
186127
186989
187867
188695
189560
190399
191291
192143
193004
193851
194710
195582
196424
197255
198113
198979
199840
200682
201549
202415
203302
204160
205084
205969
206857
207722
208586
209485
210392
211280
212222
213136
213972
214872
215762
216682
217584
218441
219351
220236
221074
221924
222792
223678
224512
225402
226268
227135
228002
228855
229712
230600
231433
232316
233195
234049
234901
235739
236636
237476
238363
239252
240084
240944
241809
242720
243576
244443
245309
246185
247029
247911
248757
249609
250477
251358
252198
253087
253939
254819
255679
256533
257406
258294
259148
259980
260855
261694
262532
263418
264258
265125
265992
266864
267720
268559
269455
270299
271168
272040
272928
273811
274676
275609
276473
277341
278217
279163
280060
280944
281882
282765
283625
284522
285459
286340
287215
288165
289039
289895
290754
291601
292437
293316
294170
295051
295929
296782
297644
298508
299379
300250
301111
301992
302889
303771
304629
305462
306338
307196
308050
308937
309776
310657
311496
312386
313262
314136
314997
315869
316729
317575
318434
319321
320178
321037
321898
322789
323650
324486
325380
326270
327152
327976
328858
329745
330557
331430
332299
333168
334042
334900
335748
336620
337494
338324
339182
340056
340933
341801
342672
343565
344420
345289
346152
347010
347884
348758
349640
350565