7379
8747
10213
11644
13137
14524
15940
17317
18724
20172
21581
22965
24387
25823
27233
28637
29999
31436
32743
34133
35508
36927
38307
39696
41012
42456
43796
45167
46533
47893
49203
50581
51909
53264
54629
55992
57291
58637
59941
61359
62613
63975
65291
66648
67965
69317
70661
72020
73299
74671
75975
77293
78584
79917
81237
82581
83849
85243
86540
87876
89203
90563
91821
93188
94536
95864
97123
98485
104900
106192
107455
108792
110044
111367
112680
113955
115240
116529
117808
119056
120315
121568
122829
124079
125319
126583
127844
129111
130375
131639
132884
134112
135344
136632
137871
139120
140348
141584
142895
144045
145317
146543
147789
148999
150255
151463
152688
153951
155232
156463
157672
158912
160157
161392
162653
163929
165224
166461
167752
168977
170240
171521
172783
174025
175284
176537
177792
179005
180255
181505
182717
183977
190208
191433
192679
193923
195153
196408
197633
198868
200063
201331
202528
203737
204921
206179
207359
208632
209800
211036
212247
213475
214657
215909
217137
218363
219548