552
1242
1935
2592
3207
3890
4462
5120
5776
6440
7088
7738
8383
9024
9652
10300
10936
11570
12223
12886
13518
14182
14858
15568
16184
16839
17471
18119
18752
19383
20056
20696
21344
22007
22628
23323
23947
24607
25272
25923
26566
27210
27862
28511
29142
29715
30440
31175
31756
32395
33064
33735
34348
35014
35670
36319
36958
37610
38280
38939
39550
40200
40886
41528
42187
42880
43503
44122
44774
45434
46104
46771
47391
48030
48692
49331
49998
50619
51295
51959
52614
53314
55335
55971
56615
57272
57902
58511
59176
59824
60447
61098
61744
62386
63024
63631
64312
64943
65536
66176
66832
67480
68076
68720
69376
70000
70622
71258
71892
72546
73138
73763
74408
75034
75704
76294
76903
77562
78170
78800
79466
80095
80719
81350
81994
82624
83199
83851
84496
85127
85752
86392
87032
87674
88260
88887
89543
90170
90767
91403
91999
92648
93231
93842
94470
95082
95727
96379
97007
97635
98203
98840
99490
100106
100726
101344
101991
102623
103200
103834
104492
105119
105724
106379
107040
107696
108335
108974
109613
110252
110803
111432
112056
112605
113240
113875
114528
115200
115768
116418
117070
117682
118295
118936
119583
120242
120854
121472
122140
122746
123352
123982
124616
125256
125882
126502
127159
127799
128391
129059
129759
130327
130960
131592
132242
132850
133480
134122
134727
135366
136018
136632
137288
137944
138536
139146
139775
140416
141040
141663
142304
142944
143554
144187
144830
145479
146100
146718
147338
147959
148591
149208
149860
150470
151104
151711
152383
153016
153631
154282
154927
155514
156122
156740
157438
157999
158632
159255
159878
160515
161118
161767
162414
163040
163662
164263
164920
165512
166114
166736
167398
168032
168616
169240
169855
170463
171080
171708
172358
172971
173612
174214
174816
175450
176042
176659
177287
177914
178544
179160
179750
180368
180959
181600
182248
182840
183452
184078
184694
185299
185895
186567
187224
187772
188374
188994
189614
190224
190832
191467
192100
192687
193342
193946
194542
195151
195784
196399
197016
197623
198222
198874
199487
200103
200704
201339
201968
202583
203184
203826
204432
205058
205736