1477
2418
3287
4177
5054
5953
6831
7713
8605
9554
10447
11370
12229
13123
14029
14950
15817
16761
17670
18602
19473
23486
24366
25318
26221
27163
28058
28970
29893
30829
31765
32693
33627
34547
35485
36390
37269
38211
39141
40061
41013
41939
42843
43771
57881
58787
59733
60626
61530
62442
63389
64309
65233
66186
67083
67999
68929
69837
70754
71666
72579
73499
74437
75317
76237
77162
78073
78981
79905
80789
81697
82597
83459
84406
85281
86182
87089
87989
88899
89794
90689
91589
92497
93350
94261
95171
96058
96921
97801
98694
99621
100510
101411
102299
103203
104122
105043
105933
106811
107749
108645
109573
110475
111419
112290
113213
114121
115042
115963
116885
117794
118707
119594
120517
121425
122341
123266
124174
125058
125977
126857
127787
128651
129579
130474
131398
132289
133234
134133
135021
135921
136821
137741
138667
139586
140501
141419
142283
143205
144099
145018
145893
146825
147742
148665
149545
150449
151339
152253
153101
154059
154931
155849
156733
157641
158551
159451
160357
161251
162138
163085
163977
164922
165805
166713
167614
168533
169429
170355
171278
172170
173093
173997
174918
175817
186831
187722
188653
189599
190558
191527
192449
193390
194318
195270
196158
197103
198041
198951
199879
200774
201702
202670
203551
204497
205386
206310
207177
208083
209039
209954
210853
211763
212705
213630
214546
215447
216385
217293
218199
219103
220070
220998
221935
222831
223765
224694
225626
226499
227461
228374
229303
230125
231045
231995
232901
233766
234703
235622
236510
237430
238349
239243
240149
241047
241918
242853
243729
244625
245581
246485
247369
248310
249183
250111
251023
251899
252863
253767
254650
255562
256477
257397
258282
259175
260122
261006
261893
262781
263697
264615
265518
266414
267350
268287
269199
270134
271046
271971
272889
273827
274750
275687
276578
277463