4577
5502
6438
7414
8334
9293
10238
11209
12143
13101
14118
15098
16047
17038
17987
18951
19941
28251
29146
30139
31146
32130
33105
34083
35083
36059
37021
38027
39009
41026
42027
42994
44011
44962
45969
46954
47937
48885
50905
51949
52934
53917
54890
55902
56866
57870
58867
61858
62819
63809
64729
66739
67735
68742
69749
70715
71699
72725
73674
74614
78841
79787
80733
81679
82651
83627
84581
85557
86537
87515
88519
89499
90442
91469
92443
93459
94474
95414
96434
97381
98378
99349
100325
101269
102218
103190
104133
105149
106165
107131
108102
109085
110069
111054
112042
113014
113995
114983
115917
116909
117901
118867
119874
120877
121825
122806
123782
124735
125773
126758
127746
128790
129746
130693
133627
134619
135613
136623
137550
138567
139490
140518
141478
142445
143426
144437
145381
146371
147342
148351
149307
150310
151302
152278
153262
154211
155162
156170
157150
158106
159075
160061
161018
161997
162979
163934
164906
165909
166866
167871
168837
169814
170781
171739
172718
173710
174627
175621
176582
177547
178554
179533
180477
181438
182427
183414
184346
185334
186294
187318
188278
189237
190197
191173
192122
193073
194075
195055
196010
197029
197957
198973
199933
200902
201859
202838
203802
204790
205755
206735
207749
208707
209654
210614
211598
212555
213557
214487
215469
216419
217403
218349
219357
220278
221262
222246
223213
224201
225174
226126
227113
228118
229086
230039
231027
232007
232978
233951
234949
235903
236837
237867
238821
239765
240773
241775
242747
243729
244702
245715
246669
247686
248666
249679
250642
251641
252586
253613
254597
255574
256578
257543
258533
259510
260494
261454
262454
263421
264386
265358
266365
267461
268317
269261
270269
271239
272227
273219
274190
275182
276179
277142
278125
279155
280139
281143
282099
283110
284107
285070
286114
287157
288106
289103
290061
291075
292062
295045
296011
296997
297954
298991
299931
301959
302955
303925
304923
305886
306882
307867
309926
310886
311894
312863
313829
314885
316371
317325
318309
319310
320278
321229
322206
323151
324129
325141
326106
327101
328082
329085
330033
331031
332037
333014
333965
334963
335925
336901
337822
338797
339811
340814
341770
342782
343741
344729
345654
346670
347650
348663
349609
350641
351587
352581
353573
354541
355514
356510
357514
358459
359474
360510
361491
362510
363498
364478
365486
366454
367403
368387