3285
4121
4951
5743
6540
7353
8144
8929
9709
10500
11236
12065
12808
13629
14404
15203
16024
16799
17609
18355
19145
19927
20744
21511
22281
23093
23905
24680
25449
26255
27069
27828
28609
29396
30215
31005
31799
32584
33376
34164
34933
35708
36496
37275
38083
38887
39696
40483
41269
42064
42877
43647
44421
45220
46012
46799
47592
48389
49176
49947
50743
51524
52328
53091
53879
54703
55496
56285
57105
57885
58664
59429
60189
61032
61787
62580
63384
64175
64984
65749
66535
67341
68175
68944
69677
70480
71304
72085
72837
73612
74449
75200
76023
76799
77592
78388
79145
79943
80735
82359
83141
83936
84729
85461
86289
87061
87836
88600
89391
90189
90960
91756
92567
93360
94147
94909
95727
96535
97328
98088
98917
99693
100423
101232
102025
102816
103583
104392
105200
105968
106784
107557
108352
109165
109927
110725
111531
112291
113055
113853
114695
115456
116241
117045
117823
118600
119384
120167
120968
121765
122527
123343
124131
124904
125689
126452
127289
128060
128856
129631
130439
131223
132025
132799
133607
134405
135181
135928
136743
137547
138363
139124
139929
140699
141487
142239
143051
143824
144621
145447
146224
147027
147796
148575
149347
150161
150885
151695
152532
153328
154103
154857
155688
156448
157261
158037
158831
159631
160415
161183
162005
162805
163555
164336
165133
165952
166749
167537
168303
169103
169939
170693
171496
172299
173081
173839
174613
175439
176237
176991
177820
178591
179384
180160
180967
181762
182517
183311
184079
184901
185692
186475
187253
188037
188853
189631
190393
191225
192007
192828
193591
194408
195175
195919
196713
197521
198309
199071
199887
200737
201511
202249
203045
203841
204608
205383
206191
206936
207775
208535
209368
210152
210959
211728
212509
213312
214095
214864
215663
216479
217248
218039
218824
219609
220404
221203
221983
222787
223605
224373
225139
225951
226733
227488
228312
229103
229884
230624
231437
232247
233019
233791
234615
235443
236215
236969
237767
238576
239345
240143
240933
241735
242516
243293
244088
244885
245725
246441
247247
248055
248831
249599
250384
251200
251988
252753
253567
254352
255136
255888
256696
257519
258279
259064
259872
260664
261480
262216
262992
263815
264631
265365
266215
267000
267775
268528
269335
270128
270909
271664
272464
273279
274096
274871
275648
276424
277231
278025
278785
279625
280424
281189
281959
282720
283519
284297
285119
285953
286736
287505
288253
289080
289911
290640
291485
292264
293063
293816
294620
295389
296180
296957
297780
298521
299345
300136
300869
301689
302512
303272
304060
304808
305597
306384
307192
307960
308799
309557
310359
311179
311935
312725
313533
314335
315123
315912
316704
317547
318303
319063
319829
320648
321420
322193
323005
323795
324588
325371
326176
326973
327756
328519
329304
330137
330904
331681
332463
333264
334060
334817
335621
336405