922
1526
2122
2728
3357
3972
4597
5190
5807
6394
6994
7611
8257
8887
9502
10112
10702
11315
11928
12530
13127
13736
14355
14943
15532
16156
16761
17374
17977
18608
19199
19774
20423
21017
21621
22224
22871
22874
23459
24060
24662
25255
25903
26492
27119
27728
28311
28923
29506
30152
30726
31344
31951
32571
33149
33732
34369
34996
35608
36212
36824
37428
38017
38623
39248
39815
40399
40989
41597
42185
42784
43381
43986
44613
45218
45796
46426
47054
47638
48266
48883
49448
50072
50667
51300
51907
52515
53108
53721
54343
54921
55540
56161
56750
57374
57974
58566
59169
59756
60393
61020
61657
62297
62916
63537
64130
64747
65368
65954
66544
67142
67778
68396
68967
69556
70174
70750
71364
71951
72569
73174
73771
74384
75002
75591
76191
76806
77416
78016
78650
79242
79849
80471
81069
81654
82285
82890
83478
84089
84708
85307
85918
86517
87125
87711
88301
88892
89522
90131
90747
91342
91927
92528
93200
93856
94518
95166
95802
96416
97066
97730
98359
98965
99615
100222
100890
101527
102174
102806
103454
104058
104687
105353
105933
106581
107214
107839
108427
109017
109643
110229
110809
111417
112001
112625
113182
113800
114418
115042
115644
116227
116847
117440
118057
118657
119285
119872
120494
121122
121727
122308
122927
123559
124169
124811
125401
126010
126645
127262
127885
128494
129081
129710
130349
130925
131530
132173
132807
133415
134021
134649
135263
135865
136482
137111
137723
138330
138985
139579
140205
140787
141390
141976
142635
143231
143865
144496
145127
145722
146344
146972
147562
148167
148795
149394
149998
150633
151266
151854
152462
153075
153720
154332
154931
155548
156180
156787
157408
158004
158639
159249
159862
160452
161108
161722
162341
162933
163580
164214
164778
165404
166018
166645
167243
167846
168459
169090
169694
170309
170925
171523
172137
172766
173376
173961
174556
175212
175855
176465
177067
177675
178266
178897
179500
180119
180749
181406
182048
182716