1011
1738
2505
3310
4083
4847
5611
6376
7133
7904
8691
9433
10205
10991
11741
12476
13233
14027
14755
15504
16240
17048
17798
18577
19326
20091
20877
21627
22399
23170
23964
24729
25471
26243
26992
27772
28522
29308
30065
30867
31630
32418
33167
33916
34688
35496
36231
36997
37754
38570
39334
40171
40980
41748
42473
43266
44045
44795
45603
46375
47140
47889
48668
49418
50183
50947
51704
52505
53247
53952
54740
55542
56290
57025
57804
58620
59348
60105
60899
61707
62450
63192
63957
64728
65515
66272
67065
67823
68587
69352
70101
70881
71653
72416
73203
73952
74768
75534
76283
77076
77841
78627
79391
80200
80942
81736
82493
83273
84044
84801
85518
86315
87051
87844
88607
89321
90064
90828
91615
92364
93137
93879
94613
95400
96158
96921
97656
98436
99179
99950
100714
101494
102258
103029
103787
104566
105316
106117
106859
107624
108410
109123
109872
110652
111402
112194
112975
113710
114436
115223
116010
116752
117532
118295
119060
119847
120588
121361
122147
122918
123675
124440
125227
125983
126756
127322
128104
128846
129627
130381
131172
131970
132772
133532
134297
135039
135796
136553
137354
138089
138847
139596
140383
141140
141918
142691
143461
144205
144947
145711
146505
147270
148041
148806
149563
150327
151092
151871
152650
153400
154149
154899
155693
156464
157229
158008
158758
159544
160309
161080
161859
162601
163381
164146
164962
165718
166513
167284
168077
168828
169621
170393
171142
171870
172665
173376
174178
174929
175707
176442
177206
177941
178714
179470
180220
180962
181704
182491
183233
184027
184777
185504
186248
187026
187784
188555
189326
190084
190870
191628
192384
193179
193927
194684
195464
196191
196924
197714
198427
199184
200007
200770
201528
202293
203063
203814
204593
205336
206084
206843
207658
208415
209194
209966
210730
211487
212289
213043
213777
214501
215299
216004
216828
217578
218372
219161
219900
220694
221459
222226
223039