11989
12667
13380
14083
14752
15440
16157
16857
17543
18253
18976
19647
20352
21041
21797
22488
23164
23833
24556
25271
25968
26647
27353
28032
28711
29416
30152
30839
31511
32201
32968
33663
34328
35039
35768
36449
37131
37857
38544
39264
39944
40699
41369
42096
42765
43472
44167
44905
45589
46313
47029
47713
48440
49167
49887
50551
51237
51929
52663
53363
54056
54760
55460
56171
56841
57551
58288
59000
59684
60387
61095
61808
62455
63200
63887
64601
65277
65975
66692
67399
68087
68785
69517
70241
70927
71623
72331
73073
73728
74424
75135
75835
76533
77275
77977
78663
79368
80104
80781
81496
82207
82872
83577
84288
84983
85697
86431
87105
87805
88521
89208
89927
90648
91355
92096
92801
93503
94211
94903
95616
96320
97001
97733
98431
99108
99735
100487
101241
101933
102632
103395
104096
104757
105507
106212
106899
107607
108327
109061
109744
110428
111127
111888
112583
113263
113985
114753
115465
116156
116879
117609
118303
118999
119739
120440
121153
121829
122537
123248
123912
124621
125329
126021
126720
127424
128129
128828
129569
130252
130961
131652
132375
133064
133769
134471
135187
135853
136547
137239
137967
138660
139371
140080
140752
141447
142135
142871
143545
144256
144959
145687
146363
147072
147815
148503
149215
149904
150623
151325
152009
152661
153359
154068
154769
155469
156179
156881
157607
158265
158999
159711
160423
161129