458
1096
1784
2441
3078
3721
4334
5010
5642
6317
6981
7585
8232
8910
9558
10209
10829
11462
12150
12824
13421
14088
14718
15401
15997
16614
17277
17942
18570
19214
19862
20536
21177
21846
22488
23176
23816
24440
25112
25774
26416
27030
27698
28377
29029
29656
30306
30992
31602
32320
32968
33624
34260
34920
35518
36161
36808
37504
38133
38808
39456
40077
40710
41376
41984
42608
43254
43958
44570
45233
45873
46526
47142
47793
48437
49090
49702
50392
51034
51665
52294
52953
53589
54269
54869
55502
56149
56850
57429
58070
58741
59392
60037
60669
61358
62029
62624
63261
63917
64589
65198
65832
66492
67137
67748
68376
69062
69742
70357
71009
71670
72345
72940
73622
74272
74941
75561
76222
76828
77497
78134
78794
79448
80126
80758
81384
82012
82686
83304
83945
84592
85248
85894
86550
87216
87888
88477
89113
89757
90449
91058
91712
92334
92989
93608
94282
94933
95594
96229
96858
97470
98145
98756
99413
100085
100765
101369
102006
102638
103301
103949
104610
105222
105881
106533
107142
107813
108456
109077
109736
110381
111029
111677
112286
112948
113606
114260
114929
115597
116264
116877
117510
118144
118798
119470
120072
120744
121398
122046
122697
123328
123968
124606
125240
125893
126536
127222
127857
128485
129153
129733
130390
131032
131714
132336
132989
133629
134285
134936
135597
136293
137009
137625
138238
138908
139590
140264
140922
141550
142225
142848
143470
144109
144766
145382
146008
146630
147293
147917
148568
149181
149870
150468
151105
151760
152414
153024
153622
154264
154968
155549
156169
156808
157453
158073
158722
159357
160033
160636
161273
161917
162592
163197
163826
164480
165201
165789
166426
167045
167726
168328
168954
169598
170288
170884
171536
172166
172802
173373
174021
174708
175336
175925
176578
177230
177918
178481
179110
179774
180413
181036
181694
182333
182973
183544
184185
184842
185505
186158
186738
187381
188040
188644
189280
189885
190561
191128
191765
192406
193049
193646
194285
194916
195569
196192
196802
197486
198110
198773
199342
200030
200664
201262
201882
202497
203136
203706
204344
204990
205598
206221
206832
207480
208136
208744
209376
210009
210633
211245
211869
212509
213138
213741
214354
214986
215629
216236
216894
217508
218154
218768
219392
219998
220622
221232
221845
222452
223118
223724
224354
224944
225513