562
1243
1909
2609
3249
3888
4557
5226
5872
6542
7203
7858
8539
9181
9835
10504
11181
11834
12496
13193
13849
14510
15150
15826
16515
17193
17840
18501
19203
19896
20569
21280
21935
22720
23368
24045
24706
25365
26080
26742
27382
28050
28712
29388
30035
30719
31388
32047
32714
33335
34001
34681
35365
36003
36687
37342
38018
38681
39363
40032
40701
41363
42018
42672
43338
43987
44685
45377
46037
46685
47361
48045
48723
49379
50106
50774
51471
52095
52763
53470
54146
54808
55524
56183
56844
57506
58164
58851
59492
60159
60813
61475
62136
62791
63467
64144
64783
65437
66071
66708
67400
68061
68738
69481
70134
70776
71476
72127
72803
73453
74136
74785
75433
76070
76750
77415
78087
78734
79417
80139
80833
81520
82186
82837
83517
84195
84851
85540
86211
86854
87526
88201
88877
89533
90209
90867
91555
92213
92881
93554
94215
94874
95579
96210
96879
97551
98229
98873
99541
100210
100868
101531
102201
102854
103522
104185
104865
105513
106168
106845
107506
108168
108837
109492
110179
110844
111505
112153
112827
113472
114142
114807
115489
116129
116783
117460
118124
118784
119454
120110
120762
121434
122076
122752
123413
124090
124737
125383
126063
126729
127397
128048
128691
129347
130016
130684
131339
132002
132668
133319
133969
134631
135301
135952
136608
137270
137917
138558
139209
139879
140521
141195
141835
142489
143135
143783
144459
145117
145790
146434
147096
147757
148442
149096
149756
150428
151068
151722
152405
153067
153707
154341
155028
155683
156340
156969
157647
158282
158970
159591
160230
160899
161561
162226
162837
163508
164166
164828
165491
166145
166828
167475
168129
168768
169435
170089
170750
171392
172069
172710
173392
174026
174672
175344
175984
176669
177310
177990
178641
179325
179994
180663
181331
181978
182625
183279
183941
184588
185264
185926
186598
187192
187874
188471
189123
189785
190447
191086
191755
192408
193070
193710
194348
194985
195651
196308
196957
197605
198275
198944
199627
200281
200943
201598
202273
202950
203608
204296
204925
205604
206273
206893
207592
208252
208933
209574
210227
210875
211523
212171
212833
213492
214162
214811
215470
216129
216821
217469
218122
218796
219461
220118
220770
221452
222092
222773
223450
224111
224800
225460
226127
226782
227443
228127
228796
229417
230105
230761
231427
232074
232743
233419
234080
234721
235386
236036
236703
237404
238057
238712
239359
239997
240644
241314
241960
242621
243284
243923
244563
245205
245878
246534
247231
247833
248489
249178
249810
250457
251119
251765
252424
253066
253722
254387
255025
255686
256357
256949
257615
258286
258878
259565
260209
260865
261527
262129
262787
263446
264069
264747
265395
266039
266704
267335
268003
268638
269304
269965
270627
271274
271934
272583
273245
273919
274369
275212
275897
276533
277206
277860
278521
279175
279851
280454
281088
281777
282454
283114
283768
284431
285114
285776
286358
287031
287704
288348
289017
289667
290344
290987
291619
292281
292911
293611
294223
294883
295567
296213
296825
297487
298115
298788
299416
300087
300748
301410
302050
302696
303365
304027
304681
305335
305997
306636
307298
307952
308390
309217
309860
310532
311188
311852
312498
313167
313824
314475
315167
315813
316497
317162
317827
318453
319070
319719
320391
321034
321731
322401
323048
323685
324368
325029
325684
326296
326928
327615
328212
328894
329574
330180
330868
331552