278
1128
1929
2746
3546
4392
5162
5977
6802
7633
8460
9265
10072
10890
11716
12508
13410
14222
15074
15897
16741
17598
18396
19217
20025
20898
21672
22510
23344
24232
25005
25840
26633
27490
28341
29169
30020
30833
31689
32513
33348
34138
34996
35814
36618
37425
38328
39153
39969
40806
41626
42472
43306
44149
45025
45817
46689
47518
48349
49212
50018
50872
51756
52577
53433
54302
55106
55970
56832
57684
58564
59425
60340
61169
62045
62856
63689
64529
65372
66174
67005
67857
68689
69546
70376
71238
72100
72953
73805
74648
75474
76322
77145
77985
78834
79689
80565
81430
82273
83074
83956
87588
88462
89316
90146
91033
91881
92740
93618
94477
95278
96154
97006
97820
98717
99586
100482
101288
102162
102994
103865
104724
105624
106420
107278
108138
108976
109857
110689
111548
112416
113242
114114
114921
115842
116684
117553
118409
119298
120114
120953
121786
122686
123532
124390
125242
126136
126993
127857
128736
129642
130548
131401
132226
133160
134005
134866
135753
136664
137512
138377
139201
140080
140914
141774
142610
143465
144345
145214
146025
146945
147745
148646
149513
150377
151196
152066
152901
153816
154626
155464
156297
157168
158036
158874
159721
160578
161426
162286
163168
164089
164954
165914
166716