239
772
1413
2009
2543
3140
3716
4315
4868
5445
6063
6660
7215
7812
8388
8987
9605
10267
10907
11545
12059
12655
13253
13828
14361
14959
15599
16133
16688
17284
17861
18479
19055
19653
20251
20911
21508
22127
22725
23385
23983
24537
25157
25775
26351
26928
27503
28100
28656
29211
29785
30404
31001
31577
32189
32773
33433
34011
34649
35205
35759
36377
36975
37529
38084
38681
39279
39833
40347
40964
41540
42096
42671
43289
43867
44441
45017
45572
46107
46704
47300
47919
48495
49113
49668
50287
50863
51481
52100
52719
53337
53977
54575
55131
55727
56325
56921
57499
58053
58671
59268
59823
60400
61039
61615
62191
62788
63387
64004
64623
65241
65860
66395
66971
67588
68123
68677
69232
69828
70405
70959
71535
72111
72687
73284
73840
74393
75013
75567
76123
76740
77337
77893
78489
79108
79769
80281
80900
81433
82073
82735
83353
83951
84548
85145
85723
86299
86895
87471
88068
88665
89241
89840
90372
90969
91588
92164
92740
93317
93935
94575
95172
95791
96368
96921
97519
98116
98649
99184
99801
100400
100953
101487
102064
102681
103236
103792
104368
105007
105541
106095
106671
107247
107844
108421
109019
109659
110212
110809
111385
111961
112473
113179
113817
114437
115013
115588
116143
116719
117316
117892
118468
119023
119620
120176
120729
121284
121860
122457
123033
123609
124185
124740
125275
125849
126468
127001
127579
128111
128624
129199
129732
130308
130927
131481
132016
132591
133188
133743
134319
134873
135471
136068
136603
137200
137797
138351
138948
139460
140057
140612
141167
141723
142340
142937
143471
144027
144624
145199
145775
146329
146948
147481
148036
148571
149168
149785
150319
150875
151471
152027
152623
153199
153817
154351
154949
155525
156100
156676
157209
157785
158405
158980
159556
160091
160729
161284
161817
162352
163012
163567
164123
164697
165273
165851
166425
167001
167556
168239
168795
169412
170031
170628
171268
171844
172420
172912
173467
174064
174596
175151
175728
176325
176880
177413
177988
178564
179140
179695
180271
180848
181423
181936
182532
183131
183684
184217
184772
185369
185925
186500
187076
187695
188207
188741
189381
189999
190617
191152
191769
192367
192987
193604
194224
194863
195439
195995
196548
197103
197679
198255
198811
199364
199963
200516
201071
201627
202201
202715
203291
203844
204399
204975
205551
206148
206683
207259
207835
208389
209007
209540
210096
210628
211227
211801
212377
212912
213529
214084
214619
215173
215749
216281
216837
217412
217967
218521
219077
219652
220249
220783
221380
221915
222469
223044
223599
224155
224729
225285
225861
228185
228719
229273
229849
230425
230959
231493
232027
232601
233135
233647
234203
234735
235311
235844
236420
236955
237509
238041
238597
239151
239705
240240
240793
241307
241881
242415
242949
243545
244143
244719
245295
245851
246447
246980
247536
248132
248687
249241
249817
250373
250927
251481
252015
252633
253188
253764
254320
254895
255428
255983
256581
257177
257711
258223
258800
259396
259929
260463
261060
261595
262148
262703
263300
263812
264368
264923
265519
266096
266628
267204
267801