332
1184
2101
2976
3893
4789
5707
6603
7499
8417
9335
10220
11104
12023
12961
13856
14752
15692
16608
17504
18400
19339
20256
21131
22069
22987
23905
24801
25676
26635
27573
28492
29451
30433
31371
32267
33184
34060
34997
35893
36789
37707
38645
39541
40459
41397
42315
43211
44107
45045
45963
46859
47755
48672
49675
50613
51575
52533
53472
54368
55285
56203
57141
58039
58955
59893
60789
61749
62624
63564
64523
65419
66293
67232
68171
69067
69984
70901
71797
72693
73591
74549
75445
76384
77301
78219
79115
80053
80949
81888
82805
83744
84640
85580
86517
87477
88416
89376
90293
91212
92149
93068
94005
94881
95819
96736
97696
98635
99531
100471
101408
102348
103264
104097
105077
105973
106891
107851
108704
109644
110560
111521
112416
113333
114229
115168
116043
116875
117664
118432
119221
119968
120779
121548
122336
123148
123872
124640
125431
126197
126987
127776
128501
129291
130059
130805
131596
132363
133088
133899
134709
135456
136245
137013
137761
138592
139468
140236
141024
141856
142667
143413
144181
144971
145739
146507
147275
148043
148832
149621
150368
151136
151905
152715
153441
154229
154997
155787
156576
157324
158069
158880
159648
160397
161207
161995
162699
163509
164256
165045
165792
166560
167371
168139
168885
169653
170445
171211
171957
172727
173515
174240
175009
175776
176567
177333
178059
178848
179616
180384
181109
181899
182645
183392
184181
184971
185740
186507
187232
188043
188791
189579
190327
191072
191861
192629
193376
194101
194892
195680
196448
197152
197963
198731
199499
200267
201056
201824
202508
203339
204064
204853
205600
206389
207093
207904
208651
209420
210165
210933
211680
212448
213216
213985
214709
215499
216267
217035
217824
218613
219317
220107
220832
221601
222389
223115
223884
224693
225461
226188
226955
227724
228448
229237
230007
230753
231541
232309
233036
233824
234571
235317
236085
236868
237643
238389
239136
239904
240672
241399
242187
242933
243701
244428
245216
245941
246752
247500
248245
249013
249781
250508
251275
252043
252791
253559
254325
255051
255840
256565
257355
258080
258869
259596
260364
261131
261920
262667
263392
264181
264908
265675
266421
267148
267915
268683
269429
270156
270924
271691
272437
273207
273995
274700
275509
276257
276981
277728
278476
279243
280032
280779
281547
282252
283020
283787
284501
285281
286027
286795
287563
288309
289035
289760
290507
291255
292043
292768
293516
294261
295052
295797
296523
297292
298059
298764
299509
300257
301089
301813
302581
303307
304096
304843
305547
306315
307084
307872
308576
309323
310069
310837
311563
312309
313056
313804
314571
315339
316065
316811
317559
318305
319051
319797
320524
321291
322059
322785
323531
324299
325047
325792
326517
327264
328032
328779
329463
330229
330997
331744
332471
333239
333984
334709
335436
336161
336928
337676
338423
339147
339979
340725
341429
342135
342901
343669
344375
345141
345888
346635
347339
348085
348853
349579
350325
351072
351841
352587
353291
354037
354785
355552
356277
357045
357771
358540
359264
360053
360800
361525
362293
363020
363788
364555
365324
366048
366795
367543
368268
369077
369824
370677