403
1172
1876
2600
3326
4072
4798
5523
6227
6995
7720
8424
9171
9875
10664
11432
12136
12927
13651
14398
15080
15848
16616
17342
18024
18771
19496
20222
20926
21694
22440
23144
23870
24596
25320
26046
26792
27539
28266
28990
29715
30462
31166
31871
32596
33363
34131
34814
35539
36307
37012
37759
38484
39251
39978
40732
41427
42216
42943
43667
44414
45140
45866
46570
47316
48083
48788
49555
50280
51028
51731
52499
53162
53936
54675
55443
56158
56894
57619
58367
59091
59859
60563
61310
62035
62804
63508
64298
65000
65790
66452
67220
67944
68692
69439
70184
70910
71700
72403
73150
73876
74600
75326
76072
76755
77544
78270
78995
79700
80467
81171
81896
82666
83412
84136
84862
85608
86355
87124
87827
88552
89278
90004
90792
91518
92264
92990
93715
94462
95208
95891
96680
97363
98132
98835
99582
100287
101075
101780
102568
103272
104019
104744
105491
106196
106942
107688
108392
109140
109886
110611
111316
112062
112808
113535
114239
115027
115774
116499
117226
117928
118696
119422
120127
120851
121598
122366
123070
123816
124563
125288
126036
126760
127507
128232
128958
129663
130387
131134
131880
132586
133332
134099
134803
135530
136278
137000
137726
138430
139155
139923
140670
141331
142099
142867
143571
144296
145064
145770
146536
147283
148030
148734
149480
150227
150932
151678
152424
153107
153855
154622
155347
156008
156819
157544
158312
158995
159722
160510
161235
161939
162707
163390
164136
164840
165651
166334
167123
167828
168552
169299
170024
170771
171539
172264
172991
173715
174504
175230
175956
176680
177448
178196
178963
179668
180394
181096
181886
182590
183358
184104
184830
185555
186323
187006
187731
188435
189203
189930
190696
191422
192168
192894
193620
194344
195072
195816
196584
197267
198036
198760
199464
200190
200938
201683
202430
203112
203859
204584
205352
206078
206804
207550
208232
209000
209747
210472
211219
211944
212671
213416
214120
214867
215615
216319
217043
217790
218474
219220
219967
220650
221416
222142
222868
223594
224339
225064
225832
226551
227304
228008
228756
229480
230184
230911
231656
232403
233128
233875
234600
235304
236052
236798
237502
238227
238996
239743
240426
241150
241875
242580
243326
244115
244840
245566
246248
246995
247763
248467
249214
249982
250728
251432
252200
252947
253651
254378
255102
255870
256616
257342
258067
258792
259539
260244
261011
261715
262440
263167
263912
264616
265320
266046
266771
267496
268243
268990
269736
270440
271188
271892
272659
273384
274152
274878
275562
276328
277034
277780
278504
279272
279976
280659
281406
282090
282772
283540
284286
284990
285736
286440
287146
287871
288595
289363
290088
290750
291560
292307
293032
293736
294462
295187
295956
296702
297427
298131
298899
299604
300350
301096
301822
302504
303251
303978
304723
305407
306132
306920
307667
308414
309182
309886
310568
311358
312104
312808
313534
314302
315007
315752
316500
317226
317992
318718
319443
320190
320958
321683
322515
323262