1660
2421
3110
3840
4485
5188
5874
6632
7266
8004
8694
9350
10026
10748
11404
12126
12829
13520
14233
14992
15724
16406
17062
17749
18442
19140
19869
20533
21250
21921
22618
23272
23958
24648
25357
26052
26744
27446
28165
28837
29558
30241
31001
31656
32349
32998
33710
34389
35094
35773
36420
37085
37745
38449
39132
39848
40500
41245
41926
42601
43252
43977
44661
45381
46057
46741
47458
48189
48822
49500
50213
50885
51572
52280
52968
53646
54317
55022
55676
56369
57053
57761
58426
59152
59813
60493
61138
61848
62524
63232
63926
64601
65268
65974
66652
67296
67961
68677
69430
70093
70772
71472
72212
72949
73652
74288
74974
75636
76294
76993
77689
78393
79042
79742
80412
81096
81758
82484
83204
83870
84558
85260
85972
86656
87325
88017
88693
89389
90077
90776
91434
92149
92812
93460
94165
94848
95518
96256
96933
97628
98302
99008
99682
100382
101060
101741
102428
103112
103778
104453
105142
105852
106538
107270
107949
108598
109226
109885
110590
111233
111854
112494
113176
113852
114504
115160
115834
116429
117020
117686
118404
119021
119653
120301
120953
121572
122196
122878
123556
124160
124780
125422
126049
126700
127306
127973
128653
129326
130029
130757
131269
131806
132390
133024
133662
134284
134909
135525
136189
136873
137485
138101
138730
139384
139996
140598
141253
141881
142516
143156
143778
144424
145076
145702
146309
146942
147598
148222
148821
149481
150098
150728
151356
151990
152604
153254
153877
154502
155118
155733
156372
157013
157618
158238
158874
159542
160146
160772
161414
162088
162701
163313
163949
164572
165180
165797
166428
167072
167697
168340
168973
169581
170194
170832
171458
172076
172702
173317
173948
174606
175250
175869
176525
177158
177768
178345
178974
179593
180173
180798
181428
182028
182622
183254
183909
184502
185058
185693
186318
186944
187573
188229
188842
189478
190100
190741
191386
192013
192645
193317
193981
194641
195269
195908
196514
197182
197788
198437
199053
199701
200322
200958
201582
202229
202842
203470
204086
204740
205374
206117
206772
207484
208154
208854
209508
210149
210794
211509
212157
212844
213466
214181
214804
215469
216141
216821
217478
218117
218778
219461
220113
220784
221421
222105
222724
223461
224053
224726
225389
226077
226717
227382
228048
228732
229365
230104
230742
231366
231962
232584
233237
233834
234402
235030
235637
236245
236861
237460
238082
238724
239349
239992
240596
241214
241820
242408
243029
243648
244234
244864
245501
246108
246700
247304
247934
248558
249170
249790
250389
250996
251597
252246
252829
253449
254052
254692
255300
255896
256526
257144
257718
258342
258966
259592
260202
260812
261436
262029
262636
263254
263892
264494
265108
265712
266277
266902
267490
268133
268732
269376
269969
270558
271146
271773
272412
273033
273654
274304
274877
275489
276106
276694
277262
277870
278490
279142
279730
280325
280893
281492
282125
282733
283329
283968
284556
285160
285766
286365
287005
287665
288244
288936
289557
290200
290804
291462
292094
292768
293342
294009
294656
295304
295934