883
1899
2791
3794
4737
5797
6764
7763
8766
9765
10656
11678
12616
13647
14664
15593
16593
17643
18613
19583
20548
21511
22468
23496
24487
25443
26364
27312
28347
29266
30273
31238
32184
33190
34165
35113
36044
37007
37999
38962
39924
40888
41850
42806
43819
44739
45756
46664
47627
48598
49546
50501
51486
52442
53419
54367
55352
56301
57278
58232
59226
60195
61166
62129
63018
64047
65018
65936
66951
67869
68863
69817
70803
71780
72807
73737
74717
75678
76677
77587
78498
79468
80446
81401
82342
83326
84245
85246
86187
87148
88118
89124
90030
90963
91910
92852
93909
94807
95741
96703
97674
98686
99593
100540
101534
102443
103467
104370
105355
106303
107297
108214
109219
110146
111118
112112
113035
113991
115030
115910
116851
117851
118798
119746
120673
121642
122590
123538
124509
125457
126411
127382
128361
129324
130272
131204
132175
133160
134100
135041
136004
136953
137960
138893
139842
140819
141745
142769
143805
144725
145676
146631
147608
148516
149470
150482
151477
152417
153395
154345
155316
156293
157294
158231
159165
160184
161141
162098
163056
164027
165003
165959
166910
167912
168920
169820
170809
171780
172795
173765
174715
175700
176677
177636
178620
179618
180606
181566
182516
183445
184411
185510
186412
187388
188381
189366
190351
191351
192285
193298
194277
195276
196261
197268
198216
199208
200193
201185
202192
203140
204138
205117
206117
207095
208080
209079
210034
211035
212041
212997
213990
214959
215945
216929
217958
218958
219921
220935
221875
222920
223897
224882
225911
226859
227888
228857
229851
230828
231820
232820
233820
234859
235846
236849
237821
238824
239837
240887
241925
242860
243853
244823
245873
246845
247843
248857
249863
250870
251835
252828
253829
254871
255927
256840
257846
258840
259844
260845
261829
262808
263805
264794
265827
266784
267776
268763
269761
270732
271798
272793
273773
274744
275782
276774
277762
278811
279779
280776
281749
282747
283824
284736
285725
286713
287727
288726
289728
290753
291780
292734
293745
294746
295784
296762
297705
298764
299746
300805
301792
302791
303820
304753
305754
306803
307867
308903