402
1050
1721
2374
2991
3631
4275
4912
5540
6174
6799
7429
8063
8706
9383
9979
10648
11307
11954
12545
13215
13825
14489
15066
15770
16394
17028
17709
18327
18993
19629
20267
20924
21527
22196
22833
23424
24119
24728
25398
26051
26678
27319
27971
28563
29212
29789
30499
31166
31802
32477
33092
33708
34324
35005
35652
36277
36904
37567
38217
38851
39491
40148
40785
41406
42019
42712
43341
44003
44664
45287
45923
46568
47198
47826
48481
49105
49776
50381
51046
51687
52327
52991
53607
54282
54947
55540
56201
56829
57480
58140
58800
59443
60052
60712
61367
62005
62648
63308
63960
64595
65256
65928
66598
67237
67876
68527
69177
69811
70420
71086
71737
72434
73028
73709
74344
74988
75626
76247
76878
77527
78157
78794
79423
80054
80699
81325
81953
82622
83273
83873
84502
85136
85787
86391
87022
87688
88347
88974
89595
90225
90840
91487
92133
92789
93413
94064
94687
95336
95959
96580
97234
97881
98516
99168
99783
100427
101024
101651
102320
102965
103592
104236
104812
105437
106124
106775
107394
108008
108684
109300
109935
110595
111186
111832
112483
113130
113791
114422
115040
115677
116303
116924
117579
118198
118838
119454
120113
120732
121336
121966
122591
123244
123868
124546
125152
125798
126427
127061
127675
128281
128956
129587
130235
130859
131477
132111
132755
133437
134053
134670
135341
135965
136622
137267
137899
138536
139207
139814
140456
141105
141764
142405
143011
143664
144406
145030
145688
146293
146983
147599
148233
148895
149572
150191
150828
151443
152079
152682
153349
153985
154642
155258
155912
156558
157162
157803
158444
159106
159740
160386
161016
161628
162265
162912
163552
164188
164790
165447
166121
166733
167391
168043
168671
169314
169934
170556
171175
171858
172468
173103
173765
174375
174986
175627
176323
176912
177556
178192
178865
179523
180178
180786
181387
182034
182656
183329
183948
184576
185232
185833
186442