1340
2260
3124
4003
4897
5783
6683
7563
8448
9323
10167
11033
11891
12836
13684
14545
15437
16353
17236
18177
18932
19832
20707
21588
22429
23339
24239
25131
26007
26836
27729
28557
29465
30297
31180
32052
32884
33777
34635
35467
36369
37248
38125
38977
39836
40657
41557
42384
43236
44121
45003
45821
46643
47545
48404
49272
50147
51024
51900
52771
53603
54489
55353
56187
57076
57896
58793
59707
60513
61459
62301
63161
64060
64899
65764
66683
67491
68400
69255
70112
70985
71861
72732
73633
74487
75328
76172
77064
77923
78771
79660
80481
81348
82204
83059
83904
84805
85633
86457
87320
88131
88947
89765
90624
91443
92304
93117
94004
94852
95702
96543
97385
98219
99099
99932
100764
101593
102428
103229
104075
104956
105804
106589
107417
108300
109136
109945
110795
111659
112489
113308
114160
115059
115907
116737
117572
118425
119307
120132
120979
121835
122712
123527
124369
125268
126024
126865
127772
128627
129484
130293
131171
132029
132884
133740
134569
135432
136281
137120
137976
138835
139717
140585
141464
142313
143156
143993
144847
145743
146569
147395
148273
149115
149932
150779
151611
152456
153283
154099
154993
155829
156676
157483
158355
159235
160040
160891
161747
162608
163436
164281
165164
166021
166823
167708
168528
169385
170260
171139
171961
172829
173664
174499
175363
176209
177040
177917
178757
179607
180472
181307
182171
183020
183873
184677
185495
186363
187193
188013
188857
189733
190587
191440
192272
193105
193927
194769
195651
196467
197297
198179
198996
199833
200669
201541
202348
203165
204024
204837
205680
206493
207352
208181
209024
209901
210723
211549
212408
213253
214089
214885
215740
216581
217453
218259
219116
219939
220779
221621
222416
223300
224105
224929
225777
226636
227483
228307
229157
230012
230801
231637
232456
233284
234131
234916
235739
236539
237387
238159
238961
239777
240612
241365
242192
242997
243808
244593
245459
246265
247077
247863
248691
249519
250344
251147
251968
252793
253644
254459
255256
256108
256905
257733
258564
259372
260220
261036
261844
262673
263505
264325
265212
265987
266836
267629
268492
269323
270131
270955
271816
272580
273440
274225
275076
275884
276707
277548
278376
279217
279993
280821
281672
282484
283296
284073
284945
285771
286593
287411
288251
289065
289864
290651
291523
292373
293184
294003
294852
295689
296531
297345
298196
299029
299825
300664
301476
302295
303148
303964
304817
305613
306451
307301
308123
308973
309777
310605
311463
312291
313116
313965
314776
315645
316444
317277
318140
318943
319771
320604
321416
322287
323113
323916
324791
325611
326444
327293
328155
328973
329795
330613
331493
332284
333131
333945
334784
335619
336465
337301
338129
339005
339828
340643
341475
342331
343161
344020
344849
345707
346524
347343
348172
349020
349820
350635
351473
352293
353113
353924
354784
355657
356428
357261
358087
358947
359759
360605
361451
362299
363120
363964
364792
365649
366464
367300
368155
368964
369783
370617
371471
372307
373124
373981
374819
375676
376507
377324
378181
378993
379807
380671
381499
382323
383152
383916
384716
385469