11582
12433
13299
14167
15075
15991
16907
17758
18651
19522
20403
21262
22154
23078
23941
24846
25714
26598
27514
28395
29283
30171
31074
31909
32771
33619
34522
35381
36210
37163
38003
38883
39753
40599
41474
42390
43246
44118
44995
45830
46745
47582
48483
49347
50226
51118
51985
52838
53717
54574
55458
56342
57213
58077
58945
59811
60709
61589
62442
63293
64177
65019
65883
66781
67634
68487
69331
70285
71130
72033
72842
73774
74685
75541
76386
77285
78193
79045
79926
80813
81698
82541
83381
84309
85221
86111
87050
87981
88835
89703
90569
91447
92354
93227
94069
94957
95809
96683
97529
98447
99315
100190
101026
101919
102811
103661
104497
105367
106265
107189
108005
108842
109789
110614
111467
112358
113266
114094
114966
115885
116706
117546
118429
119301
120178
121047
121875
122766
123627
124518
125366
126253
127114
127974
128842
129702
130538
131438
132267
133126
133997
134859
135738
136613
137435
138303
139181
140055
140914
141786
142646
143518
144322
145187
146053
146918
147769
148613
149481
150357
151218
152099
152925
153791
154661
155482
156349
157198
158069
158943
159779
160670
161509
162342
163205
164101
164953
165794
166649
167550
168377
169245
170130
170965
171777
172669
173534
174421
175267
176165
177018
177895
178730
179595
180445
181309
182154
183011
183877
184739
185555
186445
187307
188166
189030
189882
190730
191598
192425
193277
194169
195014
195870
196783
197610
198535
199417
200283
201165
202069
202938
203833
204677
205573
206435
207351
208185
209099
209969
210885
211725
212605
213493
214402
215277
216165
217037
217923
218819
219683
220570
221469
222325
223251
224082
225018
225873
226747
227699
228579
229506
230443
231299
232199
233050
233958
234833
235717
236605
237491
238373
239247
240089
240983
241871
242755
243619
244518
245361
246247
247081
247999
248877
249763
250627
251495
252394
253262
254101
255006
255931
256766
257609
258538
259409
260259
261146
262015
262890
263805
264601
265494
266379
267223
268099
268962
269773
270661
271674
272454
273289
274197
275026
275927
276770
277651
278490
279389
280253
281138
282013
282898
283739
284649
285510
286393
287263
288109
289018
289845
290706
291594
292486
293301
294165
295057
295935
296797
297670
298509
299367
300249
301134
301979
302869
303739
304603
305499
306261
307229
308081
308989
309845
310698
311603
312437
313331
314186
315061
315915
316709
317630
318509
319395
320238
321131
322002
322893
323757
324562
325459
326327
327166
328067
328966
329803
330661
331566
332458
333318
334158
335023
335871
336743
337565
338462
339339
340231
340994
341933
342829
343678
344490
345381
346275
347135
347961
348839
349709
350565
351417
352295
353130
354013
354874
355757
356645
357525
358378
359295
360161
361027
361897
362805
363666
364575
365418
366307
367163
368021
368877
369806
370669
371558
372389
373277
374090
374998
375873
376723