228
889
1639
2306
2991
3675
4372
5055
5768
6467
7169
7884
8525
9245
9959
10583
11304
12016
12752
13449
14155
14853
15551
16250
16948
17647
18329
19042
19741
20439
21145
21835
22564
23210
23974
24637
25371
26040
26745
27414
28127
28847
29538
30244
30957
31656
32413
33052
33750
34485
35218
35911
36609
37270
37969
38682
39373
40097
40787
41498
42189
42878
43622
44297
44981
45746
46393
47119
47854
48494
49170
49868
50581
51320
52081
52757
53434
54124
54852
55572
56304
56977
57740
58475
59225
59975
60665
61400
62047
62723
63451
64127
64840
65562
66281
66995
67648
68368
69067
69722
70463
71133
71846
72572
73256
74028
74638
75329
76065
76822
77497
78158
78880
79606
80305
81010
81694
82363
83083
83789
84494
85163
85869
86618
87287
87993
88684
89404
90125
90809
91477
92219
92881
93601
94292
94946
95659
96336
97063
97732
98409
99114
99819
100525
101230
102031
102722
103458
104163
104839
105567
106281
106956
107669
108397
109059
109741
110396
111124
111831
112579
113225
114012
114648
115373
116079
116767
117472
118173
118877
119592
120297
120994
121744
122417
123106
123817
124527
125279
125992
126649
127361
128091
128773
129495
130210
130869
131575
132282
132999
133707
134391
135097
135839
136537
137238
137944
138666
139358
140037
140794
141497
142201
142898
143602
144357
145074
145736
146428
147179
147919
148622
149340
150035
150723
151442
152093
152837
153536
154215
154960
155616
156340
157019
157748
158487
159150
159867
160575
161293
161993
162718
163405
164119
164831
165526
166229
166954
167663
168364
169077
169771
170508
171209
171917
172633
173321
174018
174741
175437
176170
176841
177604
178277
179009
179727
180443
181136
181802
182529
183219
183903
184642
185313
186026
186710
187407
188134
188847
189563
190301
191040
191789
192508
193173
193861
194566
195295
195997
196650
197398
198058
198779
199443
200133
200842
201530
202187
202904
203603
204254
204939
205695
206377
207087
207761
208487
209225
209925
210586
211329
212090
212803
213509
214234
214932
215603
216278
216983
217698
218380
219090
219771
220480
221177
221902
222606
223327
224031
224681
225360
226021
226724
227397
228097
228848
229560
230265
230939
231640
232350
233054
233814
234580
235264
236022
236673
237383
238064
238783
239542
240186
240955
241608
242367
243073
243799
244568
245284
245983
246644
247344
248067
248798
249485
250192
250926
251651
252363
253111
253801
254506
255249
255931
256641
257332
258058
258761
259542
260277
260896
261681
262361
263075
263839
264562
265294
265962
266646
267355
268073
268771
269514
270237
270987
271706
272371
273107
273808
274562
275263
275990
276678
277422
278149
278828
279582
280250
281004
281742
282448
283187
283919
284618
285334
286062
286764
287470
288200
288890
289634
290328
291054
291782
292549
293192
293938
294642
295347
296058
296782
297474
298245
298973
299660
300387
301108
301837
302553
303275
303984
304766
305413
306153
306884
307595
308322
309087
309819
310464
311256
311985
312706
313378
314182
314842
315531
316223
316980
317660
318344
319099
319849
320509
321213
321991
322714
323441
324150
324850
325568
326292
327018
327719
328433
329132
329856
330582
331305
332020
332717
333443
334159
334846
335565
336290
336991
337706
338413
339135
339835
340545
341266
341983
342732
343462