894
1530
2233
2910
3509
4164
4833
5506
6161
6848
7488
8161
8785
9452
10154
10808
11420
12066
12736
13394
14024
14638
15289
16054
16721
17398
18057
18680
19328
19974
20589
21257
21904
22504
23136
23848
24453
25120
25742
26364
26965
27624
28248
28896
29525
30161
30768
31433
32038
32692
33301
33938
34568
35244
35850
36482
37105
37738
38376
39034
39648
40250
40878
41516
42145
42778
43389
44042
44665
45338
45961
46590
47226
47834
48510
49200
49805
50460
51109
51770
52384
53002
53688
54316
54942
55550
56241
56872
57489
58160
58782
59450
60057
60698
61352
62012
62608
63228
63897
64544
65150
65784
66449
67064
67664
68329
68957
69624
70286
70900
71550
72201
72816
73498
74093
74702
75318
75946
76589
77265
77853
78505
79121
79736
80366
81025
81640
82296
82910
83570
84182
84854
85486
86100
86736
87344
88000
88642
89273
89880
90473
91122
91761
92378
92977
93625
94238
94884
95536
96185
96773
97386
98002
98624
99281
99904
100521
101098
101726
102369
102985
103625
104270
104905
105504
106145
106801
107424
108014
108618
109276
109913
110525
111185
111810
112450
113049
113688
114360
114985
115582
116212
116865
117556
118168
118844
119437
120106
120738
121402
122048
122688
123305
123945
124622
125260
125845
126534
127142
127792
128393
129044
129653
130284
130913
131554
132165
132808
133413
134050
134657
135258
135888
136505
137121
137752
138368
138994
139594
140201
140841
141449
142042
142697
143305
143921
144502
145140
145742
146368
146989
147609
148226
148874
149477
150089
150693
151302
151918
152548
153176
153785
154393
155014
155617
156234
156845
157486
158104
158702
159281
159912
160526
161120
161789
162450
163005
163606
164233
164850
165448
166089
166710
167348
167958
168597
169182
169814
170392
171041
171626
172264
172853
173502
174213
174826
175461
176132
176760
177412
178017
178716
179408
180018
180690
181321
182000
182630
183256
183921
184545
185129
185745
186432
187058
187672
188329
188968
189605
190202
190824
191489
192102
192714
193333
193986
194622
195284
195885
196544
197169
197790
198413
199048
199677
200322
200949
201569
202189
202801
203440
204056
204698
205304
205932
206574
207190
207844
208473
209114
209774
210417
210990
211640
212258
212916
213494
214136
214781
215416
216045
216708
217346
217945
218545
219192
219830
220465
221093
221714
222329
222932
223582
224257
224872
225490
226104
226728
227349
227990
228610
229224
229862
230480
231072
231722
232321
232978
233605
234242
234841
235472
236105
236732
237353
237968
238556
239210
239829
240526
241112
241722
242382
243044
243629
244249
244830
245442
246072
246709
247357
247970
248597
249200
249842
250456
251070
251688
252288
252912
253542
254146
254758
255392
256034
256640
257238
257870
258474
259090
259729
260361
260953
261600
262238
262862
263481
264105
264725
265337
265981
266586
267220
267826
268421
269058
269657
270297
270877
271497
272086
272722
273312
273952
274552
275166
275757
276408
277017
277610
278190
278798
279400
280006
280588
281232
281822
282450
283021
283642
284250
284876
285473
286097
286698
287297
287897
288506
289090
289728
290334
290926
291542
292113
292662
293284
293886
294508
295118
295756
296358
296990
297597
298248
298822
299420
300046
300652
301254
301842
302428
303048
303653
304273
304868
305521
306102
306728
307280
307878
308522
309137
309729
310345
310937
311546
312137
312708
313333
313962
314568
315160
315721
316353
316978
317553
318141
318736
319336
319934
320509
321121
321709
322318
322913
323505
324114
324738
325293
325897
326470
327086
327718
328329
328952
329536
330140
330750
331353
331952
332566
333177
333745
334362
334952
335516
336094
336681
337328
337954
338554
339194
339793
340386
341000
341622
342216
342826
343433
344072
344641
345242
345838
346456
347021
347606
348205
348830
349398
350008
350616
351216
351833
352441
352990
353628
354216
354793
355349
355977
356576
357161
357744
358352
358929
359530
360093
360754
361318
361913
362478
363082
363670
364276
364870
365513
366149
366768
367381
368017
368629
369276
369885
370529
371176
371790
372424
373097
373705
374318
374929
375550
376177
376784
377408
378032
378633
379250
379845
380490
381088
381700
382326
382937
383538
384182
384776
385382
385998
386617
387229
387865
388481
389089
389672
390298
390905
391530
392125
392724
393329
393945
394549
395137
395752
396378
396984
397616
398190
398801
399389
400017
400608
401216
401817
402424
403037
403665
404254
404865
405464
406081
406686
407289
407902
408489
409093
409690
410289
410918
411498
412108
412701
413334
413902
414532
415117
415732
416338
416944
417493
418132
418709
419329
419957
420542
421118
421720
422304
422937
423529
424145
424726
425321
425928
426569
427141
427753
428341
428976
429537
430160
430713
431313
431953
432569
433126
433732
434309
434920
435521
436134
436689
437337
437934
438530
439133
439712
440330
440905
441520
442124
442732
443345
443928
444556
445137
445745
446334
446952
447540
448161
448769
449368
449990
450652
451209
451810
452381
453006
453582
454206
454785
455402
455960
456566
457153
457796
458368
458992
459557
460209
460785
461426
461977
462592
463176
463785
464357
465001
465593
466176
466766
467390
467990
468593
469193
469858
470452
471064
471642
472280
472848
473468
474080
474718
475309
475950
476518
477145
477761
478385
478990
479618
480216
480858
481453
482080
482718
483336
483937
484548
485169
485745
486358
487000
487624
488246
488854
489481
490092
490664
491286
491914
492552
493154
493741
494377
494974
495594
496200
496824
497446
498076
498662
499298
499901
500517
501120
501770
502376
503024
503598
504249
504846
505444
506037
506686
507353
507988
508557
509216
509849
510488
511056
511698
512360
512978
513566
514260
514866
515508
516085
516718
517312
517974
518549
519174
519790
520394
520990
521621
522228
522856
523453
524064
524648
525265
525872
526482
527101
527730
528350
528944
529558
530178
530754
531384
532001
532600
533200
533841
534449
535078
535672
536305
536896
537500
538106
538713
539309
539886
540521
541122
541750
542388
542976
543586
544197
544824
545398
546014
546634
547261
547857
548500
549096
549694
550305
550938
551562
552206
552789
553369
553966
554612
555192
555800
556385
557009
557614
558208
558830
559472
560054
560672
561285
561902
562490
563100
563721
564316
564912
565497
566086
566724
567333
567924
568502
569128
569702
570306
570928
571532
572145
572730
573382
573964
574552
575166
575768
576398
577004
577618
578184
578802
579373
579996
580586
581208
581822
582416
583009
583649
584238
584862
585437
586034
586638
587226
587809
588450
589049
589641
590214
590840
591425
591964
592593
593216
593824
594433
595017
595641
596237
596852
597441
598040
598606
599202
599806
600408
601012
601584
602198
602817
603441
604016
604617
605224
605793
606401
607000
607602
608184
608769
609381
610008
610648
611233
611857
612465
613056
613665
614254
614874
615446
616088
616653
617252
617842
618425
619021