206
1169
2096
3040
3961
4901
5860
6750
7664
8610
9533
10453
11382
12325
13281
14164
15069
16045
16976
17880
18790
19722
20660
21600
22496
23426
24392
25338
26254
27181
28093
28994
29901
30840
31736
32700
33654
34548
35485
36444
37368
38292
39241
40164
41136
42052
42942
43926
44846
45781
46710
47684
48622
49540
50446
51376
52320
53292
54188
55137
56077
57058
57985
58940
59910
60829
61765
62661
63572
64476
65390
66342
67237
68156
69085
70022
70925
71828
72758
73656
74550
75486
76446
77390
78278
79205
80128
81054
81942
82882
83824
84762
85646
86542
87488
88390
89304
90250
91148
92062
92953
93874
94804
95718
96606
97581
98520
99418
100336
101252
102200
103122
104064
104970
105901
106842
107734
108650
109592
110540
111423
112352
113285
114224
115110
116020
116952
117854
118766
119701
120608
121516
122473
123370
124278
125221
126128
127061
127997
128917
129788
130738
131669
132573
133480
134446
135350
136274
137189
138136
139044
139944
140844
141780
142717
143636
144536
145464
146390
147325
148206
149166
150069
150966
151894
152822
153736
154642
155552
156482
157417
158342
159257
160174
161132
162033
162925
163864
164790
165726
166598
167556
168477
169402
170305
171250
172221
173136
174054
174990
175926
176878
177784
178748
179661
180580
181525
182460
183385
184333
185238
186188
187117
188076
188985
189900
190830
191772
192710
193636
194600
195518
196453
197386
198360
199276
200214
201134
202076
203010
203960
204920
205841
206800
207728
208678
209633
210556
211494
212469
213406
214317
215277
216213
217194
218100
219022
219968
220925
221864
222801
223730
224696
225630
226568
227540
228488
229405
230357
231316
232276
233206
234142
235076
236012
236972
237905
238854
239856
240774
241720
242658
243606
244533
245472
246413
247361
248296
249226
250140
251084
252022
252949
253884
254862
255804
256696
257636
258601
259526
260428
261413
262329
263250
264157
265117
266056
266968
267908
268860
269769
270708
271596
272525
273454
274413
275329
276266
277269
278206
279134
280089
281064
282020
282929
283869
284808
285740
286697
287662
288637
289577
290496
291478
292430
293360
294269
295236
296198
297164
298080
299016
300022
300980
301897
302860
303790
304749
305680
306610
307601
308589
309553
310529
311470
312444
313382
314300
315265
316240
317181
318149
319080
320080
321041
321970
322918
323886
324845
325805
326736
327692
328688
329616
330581
331540
332500
333476
334390
335338
336318
337246
338200
339172
340110
341062
342078
343030
344046
344812