460
1206
1925
2676
3382
4172
4912
5672
6345
7094
7852
8624
9316
10068
10770
11533
12228
13006
13797
14492
15233
15966
16700
17442
18165
18922
19653
20412
21108
21888
22605
23357
24109
24837
25605
26318
27069
27805
28540
29270
29997
30782
31477
32238
32953
33706
34426
35181
35866
36624
37386
38106
38849
39566
40306
41037
41789
42518
43269
44013
44752
45454
46194
46926
47708
48405
49182
49896
50658
51368
52161
52853
53597
54304
55042
55790
56530
57252
58012
58726
59509
60192
60942
61701
62452
63174
63893
64654
65393
66141
66868
67610
68362
69165
69886
70630
71429
72174
72897
73622
74346
75120
75877
76629
77334
78062
78796
79566
80289
81029
81773
82536
83266
84026
84726
85514
86214
86996
87684
88430
89173
89926
90620
91358
92081
92852
93556
94318
95045
95782
96486
97236
97946
98718
99433
100213
100898
101634
102340
103118
103833
104602
105298
106056
106738
107480
108161
108908
109634
110430
111169
111886
112621
113373
114082
114833
115532
116312
117036
117758
118485
119212
119965
120692
121402
122150
122873
123621
124346
125060
125813
126534
127261
127966
128684
129428
130137
130900
131613
132332
133053
133805
134549
135268
136025
136798
137501
138237
138990
139704
140485
141220
141933
142669
143381
144141
144954
145662
146429
147146
147882
148616
149312
150048
150820
151542
152305
153042
153780
154520
155276
155988
156766
157488
158233
158956
159701
160460
161169
161941
162700
163414
164178
164894
165626
166412
167173
167893
168669
169436
170193
170898
171588
172342
173060
173798
174556
175282
176045
176782
177537
178292
179024
179802
180522
181253
182021
182749
183505
184236
184956
185708
186434
187168
187889
188632
189356
190126
190873
191616
192337
193100
193857
194588
195342
196086
196834
197562
198322
199021
199752
200512
201269
201989
202720
203476
204220
204986
205682
206400
207156
207869
208629
209342
210100
210866
211605
212348
213078
213818
214562
215354
216084
216829
217564
218317
219013
219754
220485
221224
221970
222718
223430
224182
224910
225684
226412
227188
227898
228653
229380
230100
230832
231558
232332
233054
233814
234533
235274
236018
236737
237500
238277
239032
239717
240445
241213
241917
242701
243432
244180
244910
245674
246422
247140
247854
248604
249352
250093
250858
251597
252301
253038
253830
254540
255245
256010
256749
257516
258252
258969
259734
260481
261206
261945
262688
263420
264222
264924
265693
266426
267154
267914
268652
269409
270162
270876
271621
272385
273133
273868
274669
275369
276136
276845
277668