731
1468
2159
2841
3544
4244
4933
5644
6294
6969
7673
8356
9028
9696
10372
11070
11783
12481
13179
13856
14554
15253
15978
16700
17391
18111
18810
19530
20220
20920
21625
22345
23044
23763
24499
25190
25903
26616
27336
28056
28755
29445
30136
30842
31555
32268
32973
33672
34354
35061
35752
36472
37191
37920
38626
39286
39999
40706
41425
42117
42822
43499
44182
44916
45623
46358
47048
47735
48482
49172
49882
50542
51269
51988
52693
53392
54074
54795
55471
56206
56911
57574
58257
58956
59669
60374
61109
61799
62498
63203
63939
64623
65357
66041
66738
67437
68150
68842
69576
70238
70957
71692
72361
73072
73795
74472
75184
75897
76565
77249
77969
78690
79359
80071
80807
81490
82166
82865
83570
84261
84959
85643
86363
87076
87759
88450
89164
89869
90560
91229
91965
92665
93367
94045
94743
95440
96139
96844
97571
98269
98918
99638
100328
101056
101747
102453
103159
103872
104562
105231
105952
106635
107332
108038
108752
109421
110118
110823
111507
112220
112933
113609
114316
115014
115724
116418
117093
117828
118534
119240
119946
120659
121356
122047
122756
123481
124171
124899
125597
126318
127008
127714
128428
129126
129831
130529
131236
131941
132602
133316
134051
134719
135418
136108
136823
137477
138180
138893
139614
140283
140982
141679
142363
143061
143744
144465
145164
145832
146545
147250
147942
148669
149338
150021
150769
151477
152160
152873
153564
154277
154975
155666
156386
157077
157753
158474
159188
159848
160577
161282
161969
162660
163395
164093
164806
165489
166160
166842
167561
168284
168975