519
1167
1855
2520
3156
3810
4477
5127
5831
6469
7139
7764
8507
9186
9842
10540
11203
11845
12496
13154
13803
14467
15115
15785
16466
17148
17731
18465
19132
19802
20483
21141
21840
22524
23176
23798
24493
25134
25826
26494
27164
27807
28484
29152
29809
30467
31139
31809
32501
33152
33817
34481
35117
35811
36497
37157
37833
38493
39210
39837
40494
41142
41817
42484
43164
43810
44484
45162
45836
46448
47147
47803
48488
49153
49828
50501
51176
51833
52507
53178
53854
54510
55172
55826
56482
57150
57828
58483
59168
59814
60480
61157
61826
62484
63181
63814
64487
65131
65828
66489
67145
67835
68457
69158
69827
70484
71140
71830
72479
73136
73800
74495
75161
75837
76494
77163
77828
78456
79150
79835
80482
81154
81815
82480
83146
83776
84474
85134
85811
86474
87137
87806
88527
89121
89805
90469
91157
91834
92485
93134
93810
94458
95106
95745
96465
97110
97808
98462
99135
99790
100458
101136
101803
102450
103132
103785
104448
105116
105790
106473
107150
107796
108454
109114
109782
110453
111108
111782
112419
113149
113792
114488
115130
115788
116486
117148
117803
118457
119128
119764
120433
121139
121796
122456
123125
123789
124485
125137
125780
126454
127135
127783
128440
129077
129751
130454
131107
131758
132444
133129
133788
134451
135091
135789
136428
137081
137802
138450
139121
139772
140454
141149
141799
142460
143137
143779
144466
145120
145784
146426
147131
147755
148427
149091
149762
150439
151104
151789
152412
153045
153760
154429
155110
155779
156462
157104
157787
158440
159208
159745
160432
161112
161758
162427
163088
163735
164522
165205
165770
166449
167108
167756
168424
169107
169751
170400
171079
171735
172404
173094
173762
174432
175088
175756
176410
177102
177761
178425
179144
179753
180422
181069
181754
182404
183060
183721
184405
185070
185749
186417
187108
187762
188442
189068
189730
190413
191088
191753
192429
193087
193775
194419
195068
195730
196393
197067
197742
198441
199093
199741
200418
201093
201742
202418
203087
203718
204370
205038
205731
206415
207065
207731
208429
209081
209735
210384
211069
211711
212391
213051
213709
214367
215060
215734
216386
217039
217723
218376
219047
219753
220394
221053
221725
222389
223054
223721
224378
225055
225728
226506
227070
227724
228377
229048
229729
230374
231031
231733
232387
233034
233708
234376
235028
235695
236354
237038
237721
238393
239012
239706
240372
241011
241637
242366
243024
243699
244365
245024
245690
246359
247010
247675
248333
249006
249679
250341
250996
251673
252338
253016
253696
254348
255026
255665
256348
256943
257673
258355
259017
259660
260359
260998
261654
262338
263025
263692
264344
264999
265643
266358
267011
267674
268336
269012
269694
270371
271033
271702
272347
273001
273630
274347
275015
275691
276326
277007
277671
278353
279012
279676
280351
281017
281678
282367
283043
283710
284383
285086
285710
286417
287069
287710
288368
289031
289692
290362
291023
291702
292351
293067
293729
294339
294997
295673
296353
297010
297681
298364
299165