627
1620
2575
3534
4482
5446
6434
7380
8295
9275
10210
11162
12131
13067
14034
14982
15947
16914
17866
18851
19779
20724
21696
22660
23578
24564
25562
26491
27468
28411
29408
30392
31314
32286
33308
34266
35175
36146
37122
38044
38970
39931
40856
41798
42768
43707
44647
45598
46539
47468
48392
49346
50271
51243
52203
53186
54132
55123
56072
57011
58016
58946
59960
60914
61867
62846
63816
64758
65731
66659
67600
68547
69491
70452
71386
72314
73263
74230
75199
76132
77079
78028
79034
79979
80931
81900
82884
83827
84783
85742
86743
87698
88666
89610
90570
91526
92507
93467
94451
95430
96352
97323
98296
99268
100216
101168
102107
103046
103995
104970
105947
106908
107880
108860
109851
110792
111754
112734
113720
114702
115672
116622
117611
118555
119514
120518
121487
122434
123372
124307
125299
126251
127152
128090
129107
130050
130980
131942
132875
133827
134740
135742
136671
137636
138576
139524
140488
141455
142362
143362
144272
145244
146163
147136
148084
149059
149987
150942
151927
152846
153802
154738
155679
156646
157594
158547
159491
160442
161400
162403
163427
164510
165592