372
1031
1617
2221
2860
3436
4035
4635
5257
5833
6432
7013
7649
8263
8849
9443
10036
10645
11220
11813
12428
13007
13585
14193
14780
15395
15988
16587
17217
17869
18504
19133
19825
20485
21151
21805
22412
23033
23627
24219
24848
25429
26013
26588
27144
27748
28323
28917
29517
30168
30716
31293
31847
32441
33000
33607
34169
34813
35349
35940
36496
37083
37665
38261
38875
39492
40032
40645
41201
41772
42369
42980
43564
44153
44729
45327
45915
46481
47017
47645
48257
48868
49437
50039
50607
51235
51827
52383
52953
53555
54113
54717
55288
55868
56443
57011
57588
58196
58761
59355
59904
60539
61133
61733
62304
62908
63483
64103
64675
65252
65857
66427
66988
67637
68177
68769
69372
69948
70540
71179
71707
72259
72836
73412
74012
74629
75188
75764
76369
76993
77624
78267
78859
79469
80057
80645
81240
81835
82420
82977
83565
84179
84748
85335
85929
86556
87116
87724
88257
88819
89392
89996
90560
91179
91744
92321
92892
93477
94052
94647
95265
95877
96452
97039
97607
98196
98761
99337
99925
100543
101097
101687
102265
102884
103441
104019
104625
105253
105779
106371
106944
107524
108088
108673
109229
109811
110387
110964
111520
112124
112681
113253
113817
114415
114985
115567
116156
116757
117313
117917
118491
119084
119660
120268
120851
121439
121993
122581
123169
123791
124337
124933
125483
126076
126661
127247
127779
128376
128967
129540
130096
130684
131312
131989
132651
133269
133913
134476
135107
135669
136216
136773
137300
137873
138444
139015
139580
140172
140708
141269
141828
142403
142996
143537
144068
144683
145212
145797
146329
146907
147443
148011
148543
149117
149673
150212
150763
151340
151915
152473
153016
153597
154137
154681
155235
155805
156355
156911
157447
158021
158585
159125
159664
160261
160832
161380
161957
162539
163051
163596
164140
164689
165259
165813
166347
166899
167480
168039
168580
169160
169723
170283
170784
171396
171937
172476
173028
173601
174148
174735
175315
175945
176481
177028
177577
178145
178725
179309
179908
180475
181025
181587
182136
182717
183272
183867
184440
185027
185601
186181
186720
187283
187836
188437
189035
189589
190136
190709
191276
191857
192473
193052
193632
194177
194729
195239
195793
196341
196859
197423
197963
198516
199052
199612
200147
200667
201185
201724
202260
202804
203332
203860
204388
204923
205443
205987
206492
207045
207572
208111
208655
209157
209728
210244
210755
211297
211827
212373
212916
213469
214003
214549
215049
215588
216144
216676
217208
217729
218299
218823
219363
219893
220385
220940
221483
222004
222539
223059
223576
224097
224632
225157
225683
226219
226748
227276
227868
228353
228892
229429
229972
230505
231067
231620
232176
232757
233299
233811
234352
234909
235448
236035
236601
237165
237699
238235
238771
239317
239907
240479
241068
241659
242185
242723
243273
243851
244409
244979
245548
246123
246672
247212
247753
248311
248851
249397
249952
250460
251036
251571
252115
252660
253217
253773
254313
254853
255433
255972
256473
257027
257587
258131
258683
259221
259793
260340
260849
261401
261969
262485
263033
263612
264160
264692
265248
265833
266377
266917
267428
267989
268556
269076
269625
270188
270748
271299
271843
272367
272923
273457
274009
274581
275144
275764
276328
276883
277479
278061
278669
279255
279817
280425
281019
281575
282139
282713
283289
283983
284468
285019
285609
286177
286771
287387
287979
288571
289137
289699
290339
290903
291604
292237
292884