426
1227
2024
2704
3439
4145
4761
5445
6106
6797
7458
8175
8851
9556
10234
10911
11573
12248
12905
13587
14281
14982
15647
16304
16986
17676
18381
19035
19712
20414
21059
21742
22462
23154
23825
24546
25202
25917
26607
27267
27917
28642
29338
30033
30697
31364
32032
32758
33459
34162
34861
35495
36184
36905
37586
38273
38971
39676
40388
41090
41769
42426
43129
43822
44515
45216
45899
46695
47355
48003
48691
49449
50108
50833
51495
52176
52929
53653
54327
55027
55716
56439
57142
57828
58578
59218
59898
60608
61317
62033
62744
63467
64148
64835
65513
66191
66952
67610
68327
69050
69764
70477
71203
71848
72583
73278
74006
74718
75409
76100
76839
77513
78238
78944
79654
80351
81020
81711
82425
83136
83833
84571
85321
85998
86716
87414
88144
88810
89537
90276
91003
91693
92401
93095
93827
94522
95218
95946
96670
97355
98024
98784
99418
100128
100847
101572
102280
103016
103719
104413
105131
105805
106545
107250
107934
108656
109395
110061
110784
111482
112196
112894
113587
114282
114987
115709
116416
117187
117867
118308
118995
119663
120359
121042
121789
122500
123239
123939
124601
125303
126047
126770
127462
128169
128886
129595
130362
131158
131892
132653
133333
134033
134737
135503
136293
137015
137753
138464
139202
139887
140611
141337
142011
142682
143439
144198
144866
145544
146265
147025
147742
148426
149120
149852
150568
151296
151985
152721
153452
154143
154815
155523
156272
157040
157712
158345
159102
159799
160486
161168
161836
162616
163312
164034
164707
165430
166148
166925
167635
168281
168967
169679
170393
171096
171806
172479
173183
173907
174618
175350
176084
176715
177476
178186
178887
179559
180282
181019
181699
182370
183139
183796
184507
185208
185925
186668
187353
188035
188792
189506
190178
190841
191541
192296
193033
193722
194406
195109
195812
196491
197194
197890
198597
199303
199992
200716
201376
202091
202811
203509
204237
204923
205621
206330
207043
207721
208398
209135
209828
210569
211262
211959
212663
213399
214037
214772
215465
216181
216838
217582
218298
219017
219692
220323
221061
221821
222482
223242
223954
224628
225316
226047
226775
227475
228165
228865
229593
230329
231030
231732
232446
233185
233830
234542
235211
235956
236684
237381
238099
238816
239527
240191
240896
241661
242373
243022
243751
244429
245150
245877
246544
247267
247964
248692
249340
250081
250821
251508
252239
252933
253660
254369
255126
255775
256481
257245
257909
258570
259308
260072
260730
261492
262180
262866
263562
264301
264996
265698
266465
267111
267825
268535
269250
269944
270652
271435
272125
272759
273443
274238
274955
275623
276260
277015
277805
278492
279192
279887
280592
281329
282031
282675
283459
284193
284909
285683
286327
287036
287758
288475
289146
289843
290573
291324
292025
292694
293500
294229
294915
295547
296265
296967
297623
298376
299133
299881
300602
301266
301943
302632
303363
304068
304780
305504
306217
306949
307636
308310
309052
309732
310407
311079
311864
312571
313312
314010
314706
315355
316143
316838
317588
318312
319019
319747
320444
321152
321828
322590
323298
323918
324670
325416
326060
326847
327543
328256
328978
329731
330439
331122
331896
332655
333348
334012
334755