584
1228
1867
2530
3174
3834
4503
5143
5792
6474
7110
7728
8391
9044
9703
10338
10966
11682
12327
13012
13624
14252
14930
15595
16199
16863
17522
18164
18815
19460
20136
20778
21414
22114
22738
23387
24072
24731
25383
26051
26718
27378
28034
28660
29288
29908
30576
31255
31894
32587
33239
33871
34547
35192
35842
36482
37114
37754
38462
39088
39776
40404
41055
41704
42338
42983
43659
44322
44954
45562
46254
46922
47575
48250
48888
49564
50202
50835
51519
52176
52826
53466
54128
54760
55418
56080
56702
57339
58016
58664
59322
60019
60639
61296
61952
62595
63271
63890
64559
65235
65896
66530
67159
67852
68496
69124
69786
70426
71120
71779
72412
73075
73714
74394
75042
75675
76326
76968
77639
78319
78926
79595
80259
80858
81547
82168
82839
83499
84127
84780
85423
86086
86736
87383
88032
88723
89374
89995
90663
91307
91919
92596
93264
93940
94584
95243
95911
96564
97218
97867
98526
99196
99839
100508
101160
101799
102456
103107
103759
104434
105094
105731
106378
107027
107662
108346
108966
109600
110282
110940
111595
112242
112906
113522
114183
114832
115495
116146
116782
117448
118114
118764
119384
120064
120714
121360
122016
122683
123359
123967
124632
125275
125990
126640
127287
127948
128562
129223
129863
130515
131242
131843
132486
133144
133784
134464
135127
135802
136400
137095
137740
138404
139018
139706
140312
140970
141627
142274
142910
143571
144247
144875
145543
146212
146906
147554
148151
148778
149423
150080
150734
151403
152048
152723
153351
154024
154698
155372
156024
156659
157304
157952
158594
159235
159879
160538
161186
161836
162483
163148
163806
164468
165123
165783
166424
167070
167727
168379
169039
169699
170347
171002
171655
172298
172934
173604
174264
174927
175570
176227
176894
177555
178195
178840
179504
180168
180798
181472
182122
182776
183400
184059
184714
185372
186059
186723
187352
187995
188634
189316
189974
190604
191230
191938
192558
193195
193840
194500
195136
195808
196502
197148
197816
198462
199095
199770
200408
201066
201696
202379
203027
203683
204300
204971
205622
206258
206887
207587
208238
208882
209575
210228
210856
211492
212160
212812
213442
214123
214762
215418
216054
216704
217359
218020
218664
219348
219975
220636
221272
221947
222576
223279
223895
224571
225218
225851
226520
227200
227824
228492
229138
229816
230434
231106
231746
232394
233031
233690
234330
235011
235634
236291
236952
237627
238254
238930
239560
240212
240875
241544
242211
242852
243536
244152
244794
245460
246114
246764
247419
248064
248738
249375
250031
250687
251346
252018
252655
253299
253951
254584
255239
255891
256587
257224
257878
258515
259143
259832
260459
261136
261775
262450
263090
263736
264392
265064
265696
266378
267026
267658
268328
268984
269642
270267
270904
271576
272235