466
1126
1765
2427
3043
3662
4301
4933
5558
6175
6903
7440
8101
8770
9532
10041
10659
11276
11952
12569
13239
13922
14554
15186
15819
16458
17149
17774
18413
19053
19714
20404
21037
21676
22301
22977
23645
24256
24896
25601
26175
27018
27512
28174
28821
29482
30114
30731
31423
32061
32672
33319
33995
34649
35340
35928
36604
37207
37920
38537
39177
39815
40515
41125
41786
42374
43065
43712
44329
44954
45645
46333
46916
47541
48247
48871
49489
50150
50805
51392
52047
52738
53428
54075
54700
55374
55972
56611
57258
57912
58603
59242
59866
60543
61224
61881
62580
63275
63957
64608
65170
65784
66422
67032
67695
68356
68988
69657
70303
70907
71539
72134
72855
73530
74133
74766
75420
76074
76691
77331
77992
78624
79234
79947
80586
81204
81836
82527
83137
83784
84453
85084
85741
86402
87018
87628
88304
88936
89532
90201
90840
91509
92141
92788
93448
94089
94728
95375
96044
96654
97292
97925
98609
99241
99926
100591
101189
101806
102453
103100
103769
104400
105003
105671
106356
107025
107634
108237
108906
109523
110193
110795
111471
112133
112743
113427
114073
114735
115338
116008
116711
117307
117953
118594
119226
119895
120549
121210
121886
122532
123173
123812
124429
125054
125730
126448
127080
127686
128288
128906
129560
130185
130861
131456
132109
132779
133433
134078
134712
135359
135984
136601
137314
137931
138556
139203
139886
140552
141201
141851
142523
143172
143802
144418
145107
145761
146413
147047
147727
148431
149037
149798
150480
151093
151726
152426
153043
153712
154344
154947
155616
156226
156894
157549
158232
158849
159460
160040
160752
161392
162025
162657
163311
163965
164568
165200
165839
166545
167184
167846
168485
169095
169728
170448
171065
171668
172285
172947
173586
174232
174880
175504
176159
176776
177385
178098
178724
179422
180054
180664
181325
181980
182664
183318
183979
184582
185236
185853
186515
187140
187757
188433
189117
189771
190440
191094
191726
192358
193033
193716
194347
195002
195611
196272
196950
197603
198243
198875
199544
200184
200867
201609
202191