503
1184
1849
2521
3185
3921
4596
5251
5892
6595
7265
7929
8601
9285
9961
10624
11285
11976
12696
13321
14019
14775
15509
16151
16785
17531
18233
18911
19555
20303
21043
21705
22353
23079
23824
24544
25249
25937
26683
27369
28045
28777
29513
30207
30843
31608
32321
33047
33731
34448
35155
35875
36564
37264
37956
38643
39323
40017
40699
41403
42089
42776
43464
44176
44889
45585
46320
47041
47761
48529
49305
50024
50709
51439
52160
52841
53536
54257
54948
55691
56399
57083
57772
58507
59180
59883
60600
61337
62060
62761
63460
64177
64907
65595
66272
67016
67732
68393
69100
69855
70592
71349
72051
72812
73480
74195
74869
75620
76264
76971
77632
78363
79043
79760
80448
81161
81868
82535
83284
83979
84684
85416
86097
86839
87532
88248
88921
89656
90400
91160
91856
92553
93235
93952
94621
95339
95995
96699
97352
98104
98752
99464
100113
100825
101483
102187
102864
103568
104275
104981
105673
106352
107132
107889
108567
109265
109945
110631
111303
112041
112680
113401
114063
114779
115452
116153
116827
117560
118195
118867
119576
120277
120953
121633
122293
123037
123685
124376
125023
125760
126444
127131
127808
128545
129188
129879
130676
131421
132113
132779
133499
134167
134832
135519
136188
136897
137592
138280
139008
139695
140340
141000
141716
142419
143144
143833
144504
145189
145843
146547
147188
147915
148576
149273
149952
150689
151404
152107
152747
153461
154149
154851
155553
156217
156905
157589
158313
159001
159665
160335
161052
161745
162405
163121
163801
164491
165161
165891
166596
167312
167949
168648
169344
170059
170712
171417
172108
172805
173457
174153
174851
175563
176216
176921
177619
178320
178979
179681
180393
181117
181748
182440
183168
183857
184529
185247
185971
186663
187315
187991
188713
189417
190108
190793
191512
192223
192880
193581
194275
195016
195723
196455
197144
197871
198499
199168
199852
200553
201219
201917
202593
203312
203987
204652
205332
206051
206691
207360
208043
208733
209412
210097
210749
211463
212124
212803
213460
214155
214835
215535
216216
216931
217544
218231
218904
219605
220259
220960
221637
222321
222952
223681
224323
225057
225707
226375
227076
227775
228376
229061
229740
230488
231119
231799
232475
233145
233808
234493
235123
235816
236523
237207
237884
238563
239217
239895
240600
241309
242001
242647
243365
244040
244689
245375
246096
246741
247403
248077
248776