68120
68780
69442
70060
70700
71340
72023
72642
73282
73943
74519
75159
75820
76440
77100
77719
78402
79042
79704
80343
80983
81602
82242
82860
83479
84099
84760
85358
86018
86658
87298
87896
88599
89196
89838
90456
91095
91692
92332
92930
93550
94188
94828
95468
96151
96770
97367
97964
98606
99266
99906
100524
101164
101783
102444
103020
103682
104343
104962
105582
106242
106882
107522
108162
108759
109399
110019
110658
111256
111874
112535
113111
113772
114434
115032
115671
116290
116930
117548
118188
118850
119406
120044
120643
121347
121986
122670
123310
123992
124652
125271
125911
126508
127128
127788
128428
129048
129687
130308
130926
131586
132226
132802
133379
134039
134700
135298
135916
136556
137176
137836
138435
139096
139735
140376
140994
141612
142252
142935
143555
144215
144812
145452
146092
146711
147394
148014
148631
149294
149954
150572
151148
151810
152428
153068
153730
154350
154990
155628
156226
156887
157506
158103
158743
159404
160044
160706
161326
161986
162626
163288
163906
164504
165186
165827
166487
167191
167831
168450
169090
169710
170350
171032
171692
172354
172994
173655
174274
174914
175534
176236
176834
177474
178156
178796
179394
180034
180652
181314
181932
182615
183234
183875
184494
185154
185774
186455
187074
187736
188355
189015
189635
190295
190922
191575
192236
192876
193516
194158
194755
195436
196076
196716
197335
197975
198636
199234
199854
200492
201175
201794
202412
203052
203694
204354
204951
205655
206252
206892
207511
208172
208791
209411
210050
210711
211372
211991
212568
213207
213871
214508
215128
215767
216408
217004
217602
218284
218924
219575
220162
220802
221422
222039
222680
223340
223959
224599
225218
225900
226562
227180
227771
228396
229015
229635
230296
230935
231534
232151
232727
233347
233986
234604
235244
235863
236503
237143
237783
238423
239063
239660
240280
240942
241560
242220
242839
243500
244140
244780
245378
245998
246615
247255
247895
248535
249154
249794
250434
251074
251694
252311
252972
253591
254274
254850
255427
256087
256684
257367
257922
258563
259180
259820
260418
261058
261719
262318
262914
263554
264194
264834
265452
266092
266754
267352
267992
268652
269228
269826
270444
271106
271703
272300
272919
273538
274135
274734
275351
275948
276588
277207
277783
278382
279000
279660
280236
280792
281410
282028
282606
339095
339799
340439
341102
341720
342380
342999
343619
344238
344855
345516
346199
346796
347394
348012
348652
349251
349890
350530
351148
351747
352428
353047
353666
354284
354904
355564
356204
356782
357400
358060
358700
359276
359854
360494
361176
361815
362434
363095
363715
364354
364972
365592
366274
366914
367511
368151
368727
369367
369966
370562
371266
371864
372503
373164
373806
374423
375042
375660
376322
376878
377559
378179
378775
379415
380055
380695
381335
381932
382574
383212
383852
384430
385132
385730
386348
386968
387607
388226
388844
389464
390126
390787
391384
391982
392663
393239
393838
394519
395116
395671
396334
396930
397528
398104
398743
399340
399960
400599
401196
401772
402391
402988
403630
404204
404816
405400
405996
406636
407212
407768
408364