1028
1695
2350
3031
3716
4482
5108
5791
6500
7208
7892
8584
9284
10032
10679
11376
12086
12809
13500
14164
14884
15654
16339
17030
17731
18476
19171
19862
20567
21271
21971
22719
23436
24151
24908
25592
26291
27012
27683
28438
29151
29868
30623
31286
32006
32744
33452
34130
34875
35572
36306
37040
37743
38510
39230
40678
41406
42138
42850
43559
44294
45012
45766
46456
47218
47942
48655
49368
50116
50823
51560
52287
53010
53680
54444
55184
55950
56694
57402
58160
58922
59631
60331
61080
61799
62528
63284
64004
64738
65476
66236
66951
67708
68456
69178
69911
70694
71367
72102
72858
73587
74336
75051
75794
76550
77296
77995
78732
79487
80215
80922
81704
82438
83148
83898
84652
85380
86106
86879
87576
88343
89088
89846
90600
91334
92060
92871
93636
94471
95183
95940
96664
97444
98150
98920
99640
100435
101168
101947
102704
103451
104188
104935
105656
106446
107135
107979
108746
109528
110310
110930
111655
112455
113171
113970
114671
115446
116172
116944
117711
118466
119196
119947
120700
121475
122196
122967
123692
124503
125223
126026
126719
127486
128243
128986
129740
130527
131234
131984
133492
134231
134992
135750
136518
137244
138011
138718
139475
140199
140956
141736
142494
143268
144047
144824
145598
146312
147044
147766
148531
149279
150022
150798
151516
152240
153036
153784
154571
155279
156116
156836
157620
158364
159127
159892
160638
161382
162187
162928
163668
164464
165207
165984
166726
167472
168267
169000
169734
170536
171291
172023
172764
173519
174291
175039
175798
176596
177331
178056
178830
179560
180310
181044
181828
182600
183316
184058
184796
185550
186334
187052
187802
188583
189356
190096
190863
191598
192364
193098
193862
194623
195382
196122
196882
197631
198419
199184
199947
200730
201476
202207
202979
203736
204523
205232
206012
206802
207542
208294
209052
209792
210590
211328
212068
212856
213624
214358
215116
215840
216635
217384
218142
218934
219647
220391
221143
221911
222654
223422
224159
224920
225686
226442
227179
227943
228711
229471
230191
230992
231727
232480
233204
233970
234723
235466
236214
237008
237758
238520
239247
239983
240763
241544
242283
243066
243827
244615
245356
246108
246847
247623
248339
249160
249907
250675
251446
252174
252906
253706
254468
255236
255972
256720
257476
258232
258998
259744
260510
261314
262060
262799
263547
264311
265111
265855
266596
267348
268118
268871
269659
270415
271175
271940
272695
273456
274230
274967
275715
276472
277238
277980
278730
279502
280259
280983
281716
282502
283247
284012
284782
285527
286270
287023
287794
288534
289275
290050
290796
291576
292287
293060
293795
294560
295335
296103
296836
297558
298298
299031
299822
300570
301316
302062
302815
303547
304275
305002
305764
306510
307298
308040
308739
309498
310218
310975
311675
312450
313208
313960
314686
315428
316172
316866
317684
318398
319155
319908
320631
321416
322198
322888
323654
324382
325167
325904
326615
327390
328138
328886
329636
330374
331182
331888
332642
333396
334142
334926
335691
336414
337211
337935
338675
339452
340216
340959
341714
342454
343230
344000
344767