399
1047
1703
2376
3013
3685
4345
5044
5684
6337
7000
7660
8264
8929
9567
10181
10847
11493
12147
12865
13495
14073
14801
15421
16056
16689
17335
18067
18713
19356
20011
20641
21273
21919
22552
23224
23897
24576
25183
25841
26451
27100
27705
28384
29019
29695
30315
30928
31497
32144
32799
33456
34093
34759
35391
36000
36608
37292
37929
38565
39193
39879
40489
41080
41695
42349
42984
43632
44251
44921
45551
46165
46776
47448
48103
48728
49367
50069
50671
51255
51908
52573
53211
53887
54532
55167
55787
56437
57059
57737
58327
58961
59603
60293
60919
61544
62196
62816
63465
64072
64697
65335
65992
66647
67271
67903
68505
69176
69801
70429
71105
71724
72329
72919
73575
74208
74833
75503
76152
76776
77385
78057
78683
79329
79920
80576
81235
81881
82465
83079
83755
84359
84991
85672
86291
86941
87604
88229
88825
89477
90100
90735
91359
92031
92608
93263
93887
94512
95135
95791
96440
97055
97643
98297
98912
99525
100160
100797
101417
102063
102672
103295
103985
104601
105233
105856
106499
107128
107763
108365
109008
109589
110228
110877
111515
112152
112739
113400
114011
114616
115227
115864
116513
117169
117793
118441
119063
119647
120299
120933
121576
122219
122839
123497
124111
124737
125375
125976
126623
127232
127893
128545
129183
129751
130383
130977
131591
132264
132880
133480
134155
134720
135336
135964
136601
137228
137872
138464
139113
139727
140348
140999
141645
142253
142869
143508
144120
144728
145351
145992
146617
147256
147885
148531
149107
149731
150364
151028
151647
152295
152900
153545
154177
154816
155473
156083
156705
157320
157913
158567
159204
159843
160436
161121
161741
162329
162943
163571
164196
164843
165472
166079
166725
167343
167981
168600
169213
169816
170433
171081
171704
172319
172927
173559
174229
174824
175449
176079
176725
177305
177913
178561
179204
179819
180417
181039
181704
182321
182932
183601
184217
184857
185503
186103
186753
187365
187992
188631
189240
189875
190504
191139
191769
192393
193008
193655
194303
194924
195536
196169
196816
197467
198084
198712
199328
199983
200557
201217
201817
202476
203073
203721
204360
205008
205605
206263
206889
207497
208083
208743
209385
209981
210609
211252
211860
212507
213105
213776
214392
214985
215621
216273
216927
217521
218127
218753
219389
219989
220589
221235
221893
222513
223124
223731
224367
224975
225621
226251
226885
227496
228135
228817
229453
230057
230668
231336
231959
232575
233183
233880
234469
235097
235741
236383
237021
237599
238231
238877
239520
240155
240752
241400
241999
242603
243212
243864
244503
245144
245745
246400
247044
247639
248289
248899
249543
250167
250801
251432
252088
252721
253341
253955
254564
255217
255796
256504
257112
257723
258343
259008
259617
260241
260864
261519
262135
262751
263377
264024
264617
265219
265853
266483
267089
267705
268317
268935
269559
270200
270813
271439
272101
272705
273301
273963
274551
275176
275777
276401
277000
277635
278255
278889
279503
280151
280753
281440
282013
282624
283241
283915
284508
285081
285696
286331
286975
287577
288233
288809
289449
290072
290693
291272
291919
292563
293132
293753
294385
294976
295625
296307
296885
297513
298112
298720
299343
299967
300576
301175
301812
302427
303073
303723
304312
304971
305568
306215
306828
307465
308041
308699
309293
309872
310461
311113
311727
312313
312924
313529
314192