395
1195
2063
2869
3671
4484
5280
6079
6881
7697
8484
9306
10087
10891
11694
12502
13318
14129
14975
15848
16678
17561
18485
19178
19976
20808
21654
22534
23360
24138
24945
25780
26649
27478
28264
29064
29855
30670
31473
32331
33088
33904
34663
35495
36275
37100
37897
38700
39489
40305
41097
41884
42705
43472
44266
45079
45886
46657
47482
48267
49033
49844
50689
51453
52232
53068
53820
54632
55387
56208
57026
57830
58599
59374
60175
60991
61760
62572
63384
64169
64937
65753
66541
67324
68119
68948
69758
70540
71330
72112
72978
73697
74485
75328
76187
77043
77840
78754
79582
80475
81286
82127
82928
83794
84637
85544
86378
87253
88128
88916
89685
90504
91276
92105
92903
93738
94487
95282
96092
96886
97668
98489
99280
100077
100850
101687
102467
103282
104053
104876
105680
106487
107287
108096
108909
109736
110521
111361
112154
112957
113730
114530
115326
116126
116913
117701
118553
119371
120155
120955
121740
122530
123305
124119
124893
125734
126496
127286
128076
128871
129616
130447
131248
132018
132772
133603
134389
135198
135959
136769
137569
138379
139169
139930
140785
141594
142379
143172
143985
144762
145524
146336
147093
147947
148687
149476
150278
151073
151823
152602
153474
154252
155030
155831
156640
157470
158232
159003
159804
160609
161376
162201
163023
163833
164600
165392
166203
166960
167758
168563
169315
170160
170941
171737
172549
173357
174124
174918
175709
176491
177315
178115
178921
179719
180521
181318
182094
182881
183630
184472
185291
186055
186837
187628
188423
189208
189969
190813
191623
192434
193227
194044
194843
195651
196457
197240
198070
198858
199628
200463
201268
202045
202840
203689
204467
205326
206064
206875
207706
208514
209305
210112
210917
211711
212505
213347
214159
214962
215753
216557
217381
218179
219018
219812
220647
221434
222226
223081
223892
224702
225445
226275
227089
227899
228709
229482
230281
231105
231898
232722
233515
234340
235132
235960
236745
237532
238321
239157
239958
240743
241567
242385
243141
243913
244701
245595
246280
247115
247906
248701
249526
250335
251128
251923
252700
253502
254324
255147
255953
256760
257560
258362
259159
259967
260788
261570
262351
263149
263937
264738
265502
266304
267087
267887
268693
269490
270282
271083
271875
272691
273446