1310
1981
2703
3379
4093
4775
5455
6165
6905
7590
8287
9005
9726
10435
11118
11866
12565
13303
14029
14703
15433
16174
16871
17542
18265
18987
19737
20459
21167
21885
22655
23326
24095
24814
25502
26214
26938
27647
28353
29070
29767
30575
31325
32025
32750
33489
34190
34874
35617
36315
37063
37775
38513
39230
39953
40661
41426
42151
42846
43575
44323
45035
45762
46493
47173
47954
48689
49417
50142
50858
51585
52381
53095
53845
54625
55343
56081
56798
57497
58237
58978
59726
60439
61197
61927
62650
63398
64117
64879
65653
66397
67094
67854
68601
69290
70038
70775
71541
72286
73037
73759
74531
75301
76043
76761
77502
78297
79011
79806
80517
81257
82041
82781
83563
84301
85077
85822
86582
87345
88069
88818
89558
90321
91055
91813
92587
93310
94073
94821
95575
96327
97085
97829
98595
99359
100079
100861
101589
102343
103057
103802
104582
105346
106106
106825
107631
108350
109126
109873
110627
111367
112139
112857
113615
114386
115134
115857
116638
117357
118127
118886
119650
120401
121155
121906
122669
123385
124183
124918
125643
126398
127141
127910
128635
129385
130166
130941
131719
132473
133297
134074
134779
135566
136310
137070
137877
138641
139389
140151
140923
141665
142486
143239
143995
144735
145503
146249
147021
147745
148518
149241
150046
150742
151535
152255
153014
153743
154518
155263
156006
156798
157555
158295
159062
159849
160591
161373
162201
162903
163686
164437
165205
165950
166734
167481
168234
169063
169806
170517
171295
172081
172838
173585
174362
175153
175894
176630
177398
178126
178899
179655
180407
181203
181949
182654
183435
184213
184959
185685
186439
187241
187989
188697
189467
190205
190998
191762
192521
193351
194109
194814
195594
196301
197118
197857
198627
199419
200199
200871
201694
202397
203178
203941
204711
205503
206235
206977
207763
208503
209286
210007
210782
211563
212334
213049
213815
214590
215334
216114
216879
217639
218381
219078
219867
220649
221403
222137
222917
223703
224435
225134
225909
226657
227429
228169
228939
229711
230483
231122
231933
232693
233458
234190
234969
235726
236470
237166
237897
238671
239393
240147
240910
241710
242489
243181
243953
244775
245522
246230
247009
247814
248566
249294
250050
250870
251607
252341
253086
253921
254679
255371
256089
256843
257577
258317
259079
259869
260622
261294
262062
262811
263502
264239
264993
265729
266462
267215
267941
268670
269425
270115
270886
271639
272335
273050
273783
274505
275241
275990
276719
277499
278190
278939
279698
280412
281157
281902
282678
283446
284190
284937
285666
286451
287193
287933
288654
289406
290167
290885
291625
292373
293110
293869
294622
295387
296097
296810
297534
298286
299047
299818
300526
301309
302017
302729
303482
304199
304975
305695
306450
307223
307927
308669
309415
310173
310930
311637
312414
313187
313930
314683
315417
316167
316901
317659
318425
319159
319863
320619
321353
322094
322866
323581
324326
325102
325823
326527
327273
328063
328805
329517
330247
331030
331727
332483
333177
333923
334697
335443
336193
336959
337698
338397
339151
339851
340606
341405
342118
342861
343566
344287
345041
345775
346530
347223
347974
348739
349486
350174
350927
351629
352351
353150
353863
354629
355350
356078
356799
357511
358269
359035
359770
360493
361229
361911
362642
363350
364087
364879
365633
366414
367181
367869
368647
369379
370122
370879
371551
372315
373039
373763
374487
375230
375966
376759
377474
378191
378926
379667
380431
381179
381934
382693
383389
384166