256
968
1680
2424
3125
3827
4488
5223
5941
6683
7407
8125
8840
9551
10247
10965
11676
12368
13103
13784
14477
15216
15912
16643
17324
18059
18773
19496
20164
20921
21607
22343
23031
23792
24504
25195
25869
26601
27312
28001
28653
29385
30085
30824
31551
32243
32929
33657
34352
35073
35748
36451
37133
37881
38553
39256
39967
40681
41356
42067
42765
43489
44181
44919
45599
46297
46985
47689
48360
49055
49764
50464
51181
51895
52583
53307
54009
54695
55391
56095
56793
57532
58268
58965
59653
60381
61080
61784
62503
63248
63967
64673
65384
66131
66829
67560
68249
68960
69709
70443
71141
71848
72565
73272
73997
74719
75456
76175
76855
77593
78284
78995
79712
80448
81177
81865
82561
83313
83985
84736
85395
86116
86815
87583
88288
88987
89713
90403
91085
91803
92487
93184
93904
94633
95327
96024
96757
97465
98121
98833
99543
100241
100909
101632
102367
103035
103716
104447
105145
105848
106535
107257
107933
108616
109293
110009
110697
111383
112093
112816
113496
114184
114885
115595
116296
116985
117680
118379
119047
119743
120405
121145
121840
122569
123269
123983
124680
125331
126021
126704
127388
128069
128751
129459
130157
130831
131517
132235
132937
133648
134320
135001
135709
136380
137073
137768
138455
139153
139852
140535
141199
141904
142601
143315
143983
144677
145393
146073
146776
147432
148124
148815
149485
150185
150855
151527
152224
152931
153568
154311
155008
155641
156352
157029
157723
158413
159095
159775
160489
161188
161872
162552
163272
163952
164627
165313
166009
166689
167345
168037
168736
169429
170080
170799
171503
172173
172855
173565
174292
174952
175611
176343
177041
177712
178433
179093
179811
180503
181183
181895
182587
183241
183940
184605
185328
186009
186687
187383
188079
188773
189459
190141
190827
191497
192161
192855
193523
194215
194915
195573
196253
196959
197612
198336
199031
199728
200391
201063
201777
202445
203144
203823
204496
205189
205883
206564
207289
207943
208607
209317
209999
210719
211425
212113
212813
213495
214209
214896
215585
216277
216967
217671
218395