11257
11947
12685
13373
14061
14763
15479
16166
16855
17558
18218
18843
19525
20205
20854
21541
22203
22875
23513
24181
24831
25531
26169
26854
27518
28207
28830
29491
30185
30843
31506
32158
32806
33478
34158
34839
35493
36165
36793
37473
38125
38845
39495
40131
40799
41486
42129
42765
43449
44141
44753
45407
46089
46723
47429
48145
48774
49437
50094
50711
51401
52054
52727
53406
54071
54695
55319
55989
56639
57309
57949
58629
59287
59931
60585
61263
61943
62621
63255
63891
64582
65223
65846
66541
67182
67854
68517
69167
69830
70515
71169
71799
72458
73099
73733
74395
75054
75641
76327
77005
77658
78321
78937
79590
80290
80939
81623
82283
82895
83563
84189
84862
85558
86205
86845
87509
88130
88798
89437
90167
90847
91547
92207
92883
93559
94230
94882
95550
96238
96950
97573
98259
98925
99621
100306
100967
101678
102342
102975
103662
104350
105057
105665
106349
107015
107677
108319
108967
109631
110310
110953
111591
112289
112918
113625
114255
114913
115663
116256
116927
117567
118265
118897
119543
120201
120910
121529
122191
122813
123485
124121
124767
125423
126095
126738
127387
128063
128751
129393
130025
130645
131317
131953
132643
133293
133957
134598
135251
135929
136591
137241
137878
138566
139251
139901
140550
141222
141883
142543
143163
143823
144518
145181
145815
146479
147126
147785
148439
149129
149774
150375
151038
151690
152347
152991
153685
154375
155011
155609
156261
156951
157589
158254
158975
159649
160299
160978
161621
162290
162998
163629
164311
164954
165643
166297
166991
167655
168315
169001
169670
170346
170979
171626
172302
172969
173603
174246
174942
175623
176287
176934
177601
178247
178935
179575
180261
180942
181611
182221
182885
183535
184207
184855
185531
186218
186835
187505
188155
188830
189518
190185
190851
191522
192175
192806
193463
194111
194757
195423
196095
196742
197423
198063
198703
199327
200029
200721
201390
202034
202698
203377
204029
204682
205374
205990
206655
207311
208021
208653
209327
209983
210685
211330
211975
212646
213299
213959
214630
215338
216029
216679
217335
218029
218766
219373
220014
220702
221382
222057
222710
223406
224111
224719
225366
226047
226775
227399
228054
228743
229431
230039
230733
231433
232142
232782
233423
234094
234791
235430
236091
236774
237461
238129
238795
239477
240182
240818
241477
242159
242878
243549
244215
244874
245573
246218
246885
247549
248278
248901
249574
250247
250917
251585
252246
252929
253575
254223
254870
255518
256143
256801
257475
258129
258817
259482
260158
260833
261478
262141
262821
263487
264150
264815
265471
266110
266767
267415
268069
268783
269421
270078
270729
271402
272083
272713
273413
274097
274750
275361
276037
276709
277377
278009
278661
279327
280006
280642
281287
281954
282597
283281
283983
284610
285303
285958
286603
287257
287965
288623
289283
289905
290574
291215
291886
292543
293213
293937
294587
295257