7945
8536
9189
9863
10539
11239
11873
12576
13232
13932
14599
15271
15976
16652
17305
17996
18681
19385
20033
20709
21391
22092
22761
23431
24099
24833
25489
26165
26879
27532
28193
28885
29567
30280
30955
31631
32303
32989
33665
34356
35057
35757
36401
37077
37787
38469
39184
39891
40711
41285
41920
42600
43255
43952
44629
45275
45927
46605
47255
47912
48545
49215
49899
50572
51231
51917
52607
53264
53921
54629
55295
55943
56591
57288
57936
58597
59239
59959
60625
61292
61968
62631
63315
63991
64624
65327
65991
66659
67320
68013
68677
69341
69995
70709
71355
72029
72721
73416
74040
74715
75404
76064
76696
77352
78048
78733
79391
80048
80689
81372
82065
82720
83392
84084
84735
85423
86099
86784
87464
88116
88757
89432
90091
90757
91409
92128
92768
93463
94105
94751
95447
96119
96767
97487
98120
98807
99472
100149
100825
101509
102143
102856
103513
104215
104899
105576
106208
106869
107543
108236
108920
109567
110215
110909
111595
112245
112880
113597
114269
114925
115587
116245
116977
117639
118305
118981
119633
120296
120955
121644
122305
122963
123625
124279
124939
125635
126283
126949
127643
128287
128977
129645
130285
130976
131671
132300
132960
133637
134325
134983
135664
136336
137085
137824
138472
139143
139825
140508
141165
141837
142529
143239
143911
144572
145243
145951
146584
147255
147952
148653
149329
149988
150656
151391
152032
152656
153343
154060
154736
155392
156077
156797
157456
158085
158784
159456
160161
160856
161543
162247
162896
163583
164259
164952
165640
166317
167015
167725
168368
169052
169776
170420
171115
171801
172491
173160
173851
174540
175227
175912
176585
177256
177960
178671
179304
179999
180705
181383
182049
182719
183433
184068
184727
185408
186087
186752
187449
188117
188784
189456
190129
190819
191487
192184
192867
193540
194232
194822
195496
196192
196867
197542
198231
198924
199589
200237
200909
201581
202255
202928
203607
204255
204975
205616
206273
206957
207639
208335
208976
209669
210328
211005
211696
212349
213032
213695
214376
215039
215761
216397
217064
217772
218441
219109
219787
220468
221145
221808
222488
223167
223855
224524
225197
225863
226560
227212
227864
228549
229201
229895
230552
231228
231877
232541
233232
233911
234559
235245
235943
236616
237320
237949
238617
239311
239975
240652
241355
242029
242785
243424
244112
244792
245543