309
990
1769
2503
3237
3993
4738
5519
6243
6951
7707
8465
9218
9975
10721
11450
12237
12969
13717
14494
15218
15998
16713
17498
18202
18963
19711
20459
21171
21962
22735
23481
24205
24954
25737
26495
27209
27951
28697
29487
30242
30985
31781
32490
33234
33975
34711
35482
36233
36974
37777
38498
39234
40015
40797
41479
42229
42991
43747
44483
45213
45970
46731
47463
48221
48982
49723
50498
51173
51966
52729
53466
54265
54978
55711
56435
57187
57983
58747
59457
60186
60943
61705
62474
63206
63967
64749
65459
66230
66999
67763
68479
69218
70003
70745
71441
72178
72971
73731
74521
75311
76018
76773
77497
78215
78938
79693
80447
81193
81938
82690
83450
84211
84942
85711
86471
87243
87959
88754
89529
90253
90961
91765
92483
93229
93945
94673
95454
96195
96950
97685
98478
99218
100002
100731
101471
102201
103002
103722
104471
105186
105959
106721
107498
108209
108969
109674
110434
111185
111987
112766
113473
114217
114979
115723
116466
117209
117991
118722
119447
120202
120975
121699
122474
123203
123951
124715
125463
126211
127034
127779
128555
129231
129977
130741
131441
132137
132937
133714
134471
135277
136018
136717
137443
138193
138946
139701
140454
141195
141946
142689
143474
144203
144937
145681
146449
147171
147947
148675
149474
150194
150926
151682
152457
153203
153930
154697
155449
156181
156931
157682
158457
159195
159922
160722
161490
162193
162999
163683
164466
165195
165954
166738
167462
168217
168946
169699
170441
171177
171975
172737
173487
174247
174947
175738
176453
177211
177969
178713
179466
180205
180951
181705
182449
183197
183958
184733
185482
186209
186930
187706
188409
189165
189951
190699
191423
192125
192937
193699
194450
195169
195975
196731
197470
198229
199018
199741
200486
201203
201977
202721
203465
204194
204993
205771
206499
207226
207953
208693
209431
210165
210922
211693
212475
213186
213962
214679
215447
216173
216942
217698
218427
219202
219930
220718
221457
222187
222921
223690
224442
225174
225931
226702
227447
228189
228929
229683
230442
231182
231939
232715
233481
234197
234930
235682
236442
237210
237951
238698
239431
240179
240945
241701
242434
243165
243967
244689
245463
246186
246959
247675
248434
249154
249930
250699
251499
252255
253001
253674
254455
255194