262
995
1749
2468
3219
3969
4707
5434
6173
6914
7644
8384
9110
9876
10600
11335
12054
12744
13472
14205
14932
15700
16460
17203
17927
18664
19396
20124
20827
21620
22359
23109
23833
24561
25330
26068
26784
27532
28279
29026
29708
30420
31156
31889
32673
33447
34171
34886
35551
36268
37041
37732
38503
39242
39983
40726
41497
42248
42977
43700
44456
45140
45887
46631
47323
48082
48820
49571
50305
51026
51754
52440
53200
53933
54660
55403
56056
56791
57540
58261
58964
59663
60428
61172
61886
62601
63311
64030
64793
65541
66265
66968
67733
68488
69237
69944
70612
71390
72100
72855
73588
74343
75083
75809
76518
77255
77971
78712
79449
80174
80838
81546
82282
83021
83759
84475
85219
85932
86618
87353
88075
88812
89562
90322
91056
91760
92498
93194
93920
94635
95309
96032
96753
97496
98246
98956
99659
100366
101135
101830
102545
103246
103957
104644
105419
106179
106895
107632
108305
108980
109695
110447
111207
111936
112683
113398
114031
114745
115501
116242
116998
117737
118464
119188
119850
120574
121283
121992
122699
123398
124128
124835
125584
126357
127041
127745
128457
129205
129902
130607
131280
132028
132749
133464
134200
134921
135603
136351
137069
137754
138499
139200
139911
140675
141332
141979
142644
143425
144130
144838
145575
146275
146982
147705
148433
149116
149816
150538
151163
151876
152646
153354
154075
154773
155492
156190
156928
157586
158258
158946
159675
160373
161106
161787
162549
163216
163860
164588
165321
166032
166696
167486
168174
168863
169502
170274
170961
171724
172419
173109
173818
174521
175198
175945
176700
177369
178069
178748
179507
180196
180916
181621
182313
183089
183821
184529
185171
185864
186576
187254
188011
188701
189414
190139
190846
191477
192175
192914
193667
194386
195098
195728
196433
197139
197883
198555
199230
199934
200722
201439
202119
202818
203477
204178
204892
205650
206287
206996
207643
208317
209065
209766
210458
211147
211832
212514
213154
213906
214600
215292
215983
216660
217380
218129
218835
219543
220281
220923
221627
222305
223018
223760
224458
225194
225875
226572
227264
227951
228650
229363
230052
230693
231426
232086
232778
233527
234229
234941
235654
236344
237054
237737
238388
239078
239759
240478
241171
241848
242536
243242
243936
244694
245343
246030
246744
247429
248154
248802
249569
250225
250938
251686
252385
253089
253831
254510
255162
255844
256540
257244
257964
258651
259348
260011
260769
261445
262123
262773
263466
264235
264936
265606
266268
267002
267681
268360
269047
269733
270436
271118
271831
272511
273197
273917
274594
275333
276006
276642
277325