847
1397
2000
2613
3232
3832
4495
5151
5751
6389
6992
7629
8224
8832
9431
10047
10632
11279
11867
12464
13071
13708
14344
14968
15560
16216
16839
17456
18049
18677
19295
19920
20539
21144
21769
22384
22997
23648
24283
24893
25517
26160
26785
27408
28000
28616
29257
29856
30471
31079
31728
32368
32957
33567
34208
34844
35449
36047
36695
37293
37904
38549
39169
39792
40400
41024
41648
42255
42847
43472
44128
44763
45393
46052
46769
47356
47905
48519
49104
49743
50376
50989
51609
52240
52840
53453
54107
54725
55327
55956
56552
57164
57753
58368
59017
59624
60233
60896
61515
62127
62712
63301
63937
64517
65153
65775
66377
67015
67645
68271
68891
69520
70105
70733
71348
71973
72608
73199
73817
74416
75019
75656
76257
76887
77487
78143
78736
79340
79943
80569
81187
81817
82417
83007
83639
84276
84872
85536
86111
86757
87371
88017
88623
89263
89860
90492
91089
91729
92320
92952
93569
94159
94767
95416
96024
96632
97249
97896
98504
99119
99705
100361
100968
101589
102200
102829
103449
104056
104656
105309
105960
106583
107184
107804
108419
109052
109656
110263
110905
111504
112096
112732
113395
114008
114608
115232
115868
116505
117129
117752
118403
119000
119623
120272
120871
121479
122096
122724
123335
123932
124543
125208
125863
126472
127099
127783
128363
128984
129577
130189
130827
131420
132029
132673
133299
133941
134537
135172
135793
136404
137032
137664
138275
138905
139516
140141
140735
141348
141967
142601
143211
143837
144457
145047
145675
146268
146888
147492
148137
148757
149387
149972
150609
151220
151809
152412
153031
153663
154279
154919
155543
156176
156747
157356
157945
158584
159193
159837
160443
161017
161639
162287
162881
163503
164096
164693
165313
165967
166544
167196
167787
168408
169024
169679
170297
170895
171545
172192
172757
173383
173975
174561
175185
175816
176419
177007
177645
178252
178857
179495
180056
180664
181255
181904
182520
183136
183747
184357
184953
185589
186203
186797
187399
188025
188651
189280
189883
190527
191105
191712
192344
192973
193585
194200
194807
195431
196047
196672
197317
197937
198561
199183
199809
200416
201009
201645
202288
202893
203536
204164
204769
205400
206017
206596
207200
207845
208457
209069
209696
210316
210961
211605
212197
212807
213456
214061
214669
215276
215911
216559
217171
217765
218391
219000
219623
220237
220863
221503
222073
222679
223331
223952
224545
225157
225787
226424
227023
227612
228249
228896
229512
230143
230752
231351
231971
232584
233195
233829
234447
235041
235667
236296
236912
237536
238092
238704
239304
239919
240545
241151
241773
242377
242959
243613
244187
244793
245415
246037
246648
247249
247843
248463
249072
249661
250273
250872
251479
252087
252705
253277
253888
254495
255149
255712
256343
256941
257560
258164
258777
259397
259995
260587
261209
261828
262455
263072
263639
264253
264871
265485
266083
266735
267312
267901
268511
269109
269736
270344
270935
271556
272183
272789
273383
274008
274601
275215
275815
276413
277033
277652
278267
278889
279471
280149
280729
281317
281919
282516
283131
283741
284352
284951
285567
286200
286791
287423
288025
288639
289243
289864
290473
291097
291667
292305
292873